0.0	0.05209952	0.010275699689503119	0.0
0.2	0.05214952	0.010624382572831905	0.002250000834465027
0.4	0.05299952	0.012288205978818538	0.0047499872744083405
0.6	0.054049514	0.014180885317023727	0.004750015214085579
0.8	0.054899525	0.016155185173949826	0.004750024527311325
1.0	0.055949524	0.017524198004077545	0.0044999923557043076
1.2	0.05669952	0.018976565039372954	0.0038750283420085907
1.4	0.057499535	0.02021756712892699	0.004500029608607292
1.6	0.058499534	0.02174281591685635	0.004874980077147484
1.8	0.059449527	0.022763952844315545	0.004624994471669197
2.0	0.06034953	0.023882577968545815	0.003250008448958397
2.2	0.06074953	0.024226793755411192	0.0022499822080135345
2.4	0.061249524	0.024615798520467226	0.003624977543950081
2.6	0.06219952	0.02581007675561982	0.004999972879886627
2.8	0.06324951	0.02705434424700091	0.005000000819563866
3.0	0.06419952	0.02860699298293988	0.005000177770853043
3.2	0.065249585	0.029409820826052906	0.005375221371650696
3.4	0.06634961	0.0310673068208616	0.005375184118747711
3.6	0.06739966	0.032206211153425424	0.005250237882137299
3.8	0.068449706	0.033646657535683994	0.0056252628564834595
4.0	0.06964976	0.03494821232524324	0.0051251985132694244
4.2	0.070499785	0.03612132403410349	0.004625134170055389
4.4	0.07149982	0.03778558067050292	0.004625096917152405
4.6	0.072349824	0.03902534520846896	0.004625115543603897
4.8	0.07334986	0.04046328688620878	0.004750154912471771
5.0	0.074249886	0.04200520918147674	0.0052500516176223755
5.2	0.075449884	0.043067361020049044	0.005500093102455139
5.4	0.07644992	0.044360991294680935	0.004750154912471771
5.6	0.077349946	0.04587458581941639	0.004125088453292847
5.8	0.07809996	0.04653375174894271	0.00475006178021431
6.0	0.07924997	0.0479263762619616	0.00737510621547699
6.2	0.08105	0.04988384049548023	0.007000155746936798
6.4	0.08205003	0.051237658328688956	0.004875194281339645
6.6	0.08300008	0.05192302089598205	0.004125107079744339
6.8	0.083700076	0.05252913576605693	0.0052499957382678986
7.0	0.08510008	0.053972122615440155	0.005999989807605743
7.2	0.08610007	0.05460576977865755	0.004500020295381546
7.4	0.086900085	0.055528281910553756	0.004500113427639008
7.6	0.08790012	0.05655607934591327	0.004750117659568787
7.8	0.08880013	0.05744179747544612	0.004750099033117294
8.0	0.08980016	0.05848897505723841	0.004500057548284531
8.2	0.090600155	0.05938552003306081	0.004750024527311325
8.4	0.09170017	0.060134101064834265	0.005875099450349808
8.6	0.092950195	0.06126008178861271	0.005500074476003647
8.8	0.093900196	0.06190953082855829	0.005500037223100662
9.0	0.09515021	0.06303949374282478	0.005875099450349808
9.2	0.096250236	0.06401904122902487	0.006375052034854889
9.4	0.09770023	0.06518979966684894	0.006750002503395081
9.6	0.09895024	0.06596512439018828	0.005499981343746185
9.8	0.09990022	0.06667076051320828	0.00499991700053215
10.0	0.100950204	0.06776132698308528	0.006249956786632538
10.2	0.102400206	0.06902347378806481	0.006125010550022125
10.4	0.10340021	0.06984583245876405	0.005499981343746185
10.6	0.1046002	0.07105519186634926	0.007499959319829941
10.8	0.10640019	0.07272578722229417	0.007249917834997177
11.0	0.107500166	0.07361216017205709	0.00649990513920784
11.2	0.109000154	0.07542546229107967	0.006750021129846573
11.4	0.110200174	0.07655690951924929	0.006500035524368286
11.6	0.11160017	0.07723626347208866	0.006125010550022125
11.8	0.11265018	0.07827820383393518	0.006375033408403397
12.0	0.11415018	0.0797952245352885	0.00675007700920105
12.2	0.11535021	0.08047904798756274	0.006375070661306381
12.4	0.11670021	0.08118565268272203	0.007625054568052292
12.6	0.11840023	0.08237985408503076	0.007750075310468674
12.8	0.11980024	0.08410089382031544	0.0064999982714653015
13.0	0.12100023	0.08505292669323	0.006124936044216156
13.2	0.122250214	0.08624058138776233	0.006625019013881683
13.4	0.12365024	0.08742527027438102	0.00700000673532486
13.6	0.12505022	0.08826096454766963	0.007499903440475464
13.8	0.1266502	0.0899848755876657	0.007999911904335022
14.0	0.12825018	0.09134789458580356	0.006874985992908478
14.2	0.1294002	0.09233439406227603	0.006625130772590637
14.4	0.13090023	0.09327481065171064	0.007250085473060608
14.6	0.13230023	0.09469271537985655	0.008250027894973755
14.8	0.13420025	0.0961267931002161	0.00700000673532486
15.0	0.13510023	0.0972779018623814	0.005875006318092346
15.2	0.13655025	0.0982170950679161	0.006875060498714447
15.4	0.13785025	0.0991961578052335	0.006874985992908478
15.6	0.13930024	0.10050129524260898	0.0073750317096710205
15.8	0.14080027	0.10205567234916839	0.007625073194503784
16.0	0.14235027	0.10333913996357474	0.00737510621547699
16.2	0.14375031	0.10398768075290186	0.007250085473060608
16.4	0.1452503	0.10526128266566775	0.007750019431114197
16.6	0.14685032	0.1067594387078622	0.008749999105930328
16.8	0.1487503	0.10849395246358118	0.009624995291233063
17.0	0.15070032	0.11013405424748753	0.008875057101249695
17.2	0.15230033	0.1106784091164116	0.008250027894973755
17.4	0.15400033	0.1124233065727517	0.009375028312206268
17.6	0.15605034	0.11351607001988638	0.008750073611736298
17.8	0.15750036	0.11403398719799406	0.006625019013881683
18.0	0.15870035	0.1146050184244004	0.007999986410140991
18.2	0.16070035	0.116234720623248	0.008625015616416931
18.4	0.16215035	0.11693963308935446	0.0070001184940338135
18.6	0.1635004	0.11812176037722505	0.008250139653682709
18.8	0.16545041	0.1195984874783592	0.009125098586082458
19.0	0.16715044	0.12115435487825256	0.008749999105930328
19.2	0.16895041	0.122508765921088	0.008874945342540741
19.4	0.17070042	0.12367905933550805	0.008500032126903534
19.6	0.17235042	0.12451095655310825	0.008874982595443726
19.8	0.17425041	0.1255565102062087	0.007749907672405243
20.0	0.17545038	0.12629250901276523	0.007874928414821625
20.2	0.17740038	0.12721729531498166	0.008375123143196106
20.4	0.17880043	0.1280646723736542	0.007375180721282959
20.6	0.18035045	0.12929183179460615	0.009000040590763092
20.8	0.18240045	0.13053826888844952	0.010374858975410461
21.0	0.1845004	0.13213534842456962	0.009499900043010712
21.2	0.18620041	0.13271985639467065	0.009499974548816681
21.4	0.18830039	0.1338585485115606	0.010249949991703033
21.6	0.19030039	0.13539168968207074	0.009750016033649445
21.8	0.19220039	0.1361218582963602	0.01012500375509262
22.0	0.19435039	0.13749755577652878	0.010249949991703033
22.2	0.19630037	0.13835212181066092	0.009874887764453888
22.4	0.19830035	0.13970364902913981	0.009874925017356873
22.6	0.20025034	0.14107600200039114	0.009875036776065826
22.8	0.20225036	0.14274956314625178	0.009125061333179474
23.0	0.20390037	0.14378730917431778	0.00762496143579483
23.2	0.20530035	0.1447477491326886	0.008499957621097565
23.4	0.20730035	0.1457282041540168	0.009124986827373505
23.6	0.20895034	0.1470455630529303	0.008125044405460358
23.8	0.21055037	0.14827743462029916	0.00974990427494049
24.0	0.2128503	0.14903817492254767	0.009374767541885376
24.2	0.21430027	0.14950086996788467	0.007749907672405243
24.4	0.21595027	0.15032663904827173	0.008749961853027344
24.6	0.21780026	0.15080835576555665	0.00974997878074646
24.8	0.21985026	0.151998284246845	0.009500086307525635
25.0	0.2216003	0.15319412573971766	0.007625073194503784
25.2	0.22290029	0.1543068081003324	0.008749999105930328
25.4	0.2251003	0.15514506349167906	0.009500086307525635
25.6	0.22670032	0.1560676478091224	0.008250102400779724
25.8	0.22840033	0.15722098758313546	0.01062493771314621
26.0	0.2309503	0.15812842229404964	0.0121249258518219
26.2	0.2332503	0.1592857069236482	0.011374913156032562
26.4	0.23550026	0.15990543712409394	0.01112479716539383
26.6	0.23770022	0.16083752773738133	0.009249970316886902
26.8	0.23920025	0.16252187818973685	0.007875151932239532
27.0	0.24085028	0.16324453539802314	0.009750090539455414
27.2	0.24310029	0.16458247273906695	0.011249929666519165
27.4	0.24535026	0.16580373473208457	0.010124854743480682
27.6	0.24715023	0.16667146186692836	0.008874833583831787
27.8	0.24890019	0.16767167592173918	0.00999990850687027
28.0	0.2511502	0.16900052619495617	0.01062486320734024
28.2	0.25315014	0.17003698945247897	0.009499713778495789
28.4	0.25495008	0.1709327287711099	0.011499971151351929
28.6	0.25775012	0.17238746440758035	0.013500228524208069
28.8	0.26035017	0.1734801943744802	0.012874975800514221
29.0	0.2629001	0.1750673880428244	0.01324974000453949
29.2	0.26565006	0.17672741085046764	0.012499690055847168
29.4	0.2679	0.177368515620243	0.011874660849571228
29.6	0.27039993	0.17846243409166893	0.011874884366989136
29.8	0.27264994	0.17948392104432195	0.01099996268749237
30.0	0.2747999	0.18049919829153702	0.011374950408935547
30.2	0.27719992	0.18146669246129507	0.011250004172325134
30.4	0.2792999	0.18225397231664328	0.009875074028968811
30.6	0.28114995	0.18283100918451387	0.011375099420547485
30.8	0.28384995	0.18397466630216386	0.011124983429908752
31.0	0.28559995	0.18458775798293806	0.010500103235244751
31.2	0.28805	0.1849586383748809	0.012000352144241333
31.4	0.2904001	0.18612587263356883	0.012625157833099365
31.6	0.29310006	0.1875563661089625	0.013750046491622925
31.8	0.2959001	0.18848923186543304	0.013125166296958923
32.0	0.29835013	0.18964381910087838	0.010749995708465576
32.2	0.3002001	0.1897101997485109	0.01037493348121643
32.4	0.3025001	0.19099410900878014	0.009999647736549377
32.6	0.30419996	0.19160469737613622	0.010249614715576172
32.8	0.30659994	0.1925783988128034	0.012374818325042725
33.0	0.3091499	0.19402004452902927	0.012624859809875488
33.2	0.3116499	0.19552947900793335	0.013125240802764893
33.4	0.3144	0.19659003099999034	0.013125762343406677
33.6	0.3169002	0.19693752805372583	0.012625530362129211
33.8	0.3194502	0.1981645715492257	0.012750029563903809
34.0	0.3220002	0.19897487271983458	0.013000071048736572
34.2	0.32465023	0.20004968751785324	0.013749971985816956
34.4	0.3275002	0.20152853294009757	0.011874809861183167
34.6	0.32940015	0.20265892415152645	0.011874735355377197
34.8	0.3322501	0.20369692428447295	0.014249682426452637
35.0	0.33510002	0.20427429949660886	0.013499930500984192
35.2	0.33765006	0.2050609110805736	0.011499971151351929
35.4	0.3397	0.2060070633515798	0.0107496976852417
35.6	0.34194994	0.207262387255911	0.01137472689151764
35.8	0.3442499	0.2083133147812621	0.011124834418296814
36.0	0.34639987	0.20881101286729273	0.012249872088432312
36.2	0.34914985	0.20934845962639442	0.012874528765678406
36.4	0.35154969	0.21019062073484374	0.014124661684036255
36.6	0.35479972	0.21132193272953906	0.013500303030014038
36.8	0.3569498	0.21185890812180685	0.010250061750411987
37.0	0.35889974	0.2123694648053539	0.01037508249282837
37.2	0.36109984	0.213241152982374	0.011875182390213013
37.4	0.36364982	0.2143972401603022	0.01387476921081543
37.6	0.36664975	0.21486106420533235	0.013499930500984192
37.8	0.3690498	0.2157303799043146	0.011875107884407043
38.0	0.3713998	0.21654569841620427	0.014125257730484009
38.2	0.3746999	0.21731292956327286	0.013375356793403625
38.4	0.37674993	0.21837338848334525	0.012125074863433838
38.6	0.37954992	0.21923571037070372	0.014500394463539124
38.8	0.3825501	0.2201544828581899	0.01400001347064972
39.0	0.38514993	0.2210700710506794	0.013374313712120056
39.2	0.38789982	0.22207788978937898	0.01262471079826355
39.4	0.3901998	0.22285412153230766	0.013124942779541016
39.6	0.3931498	0.22294747473731766	0.014500021934509277
39.8	0.39599982	0.22396204886299664	0.014999732375144958
40.0	0.3991497	0.22482610358024402	0.014124587178230286
40.2	0.40164965	0.2255100362689153	0.014124587178230286
40.4	0.40479952	0.2262895466674325	0.013249889016151428
40.6	0.4069496	0.22680210901389888	0.010500550270080566
40.8	0.40899974	0.22792323060123704	0.0113755464553833
41.0	0.41149983	0.22870887407829835	0.012750104069709778
41.2	0.41409978	0.22929498269521173	0.011874735355377197
41.4	0.41624972	0.23006181028266817	0.01199968159198761
41.6	0.41889966	0.2307873242486185	0.012500062584877014
41.8	0.42124975	0.23088078437333023	0.011375248432159424
42.0	0.42344975	0.23156553403275112	0.011750385165214539
42.2	0.4259499	0.23235553933971428	0.012875571846961975
42.4	0.42859998	0.23293140440949056	0.01237526535987854
42.6	0.4309	0.233377782211011	0.013124719262123108
42.8	0.43384987	0.2339266482006388	0.011874735355377197
43.0	0.4356499	0.23451348915626047	0.01099996268749237
43.2	0.43824986	0.23505198701645888	0.01262471079826355
43.4	0.4406998	0.2358463681021436	0.012249872088432312
43.6	0.4431498	0.2368028226074095	0.013250112533569336
43.8	0.44599983	0.23783187215723867	0.013750120997428894
44.0	0.44864985	0.23818202462936716	0.013625174760818481
44.2	0.4514499	0.23825489800503769	0.015500485897064209
44.4	0.45485005	0.2384512030555464	0.015125498175621033
44.6	0.4575001	0.2381569856812833	0.014624670147895813
44.8	0.46069992	0.23949010391247996	0.01437447965145111
45.0	0.4632499	0.23997278242330958	0.013375058770179749
45.2	0.46604994	0.24030167826779938	0.01350007951259613
45.4	0.46864992	0.24129790163900064	0.012125074863433838
45.6	0.47089997	0.24172957843563028	0.011750012636184692
45.8	0.47334993	0.24225457132735392	0.012374818325042725
46.0	0.4758499	0.24293883290919357	0.011999905109405518
46.2	0.4781499	0.24341338775898974	0.012000054121017456
46.4	0.48064992	0.24375823298928384	0.012499839067459106
46.6	0.48314983	0.2443636168805717	0.013500005006790161
46.8	0.48604992	0.245077327944493	0.013250336050987244
47.0	0.48844996	0.24571140952297216	0.012750104069709778
47.2	0.49114996	0.2464430508474141	0.01225009560585022
47.4	0.49335	0.2470187770208489	0.012874901294708252
47.6	0.49629992	0.24697430987087388	0.012999922037124634
47.8	0.49854997	0.24757907171443388	0.01287505030632019
48.0	0.50144994	0.24773049325936844	0.015875324606895447
48.2	0.5049001	0.24861816074342877	0.014375150203704834
48.4	0.5072	0.24856218500511065	0.011500120162963867
48.6	0.50950015	0.24944889220244626	0.01300022006034851
48.8	0.5124001	0.25021238922941125	0.012749731540679932
49.0	0.51460004	0.250163625748909	0.013499706983566284
49.2	0.5178	0.25015627046184014	0.015000104904174805
49.4	0.5206001	0.2506604070829585	0.014250129461288452
49.6	0.5235	0.2517493784597546	0.013499855995178223
49.8	0.526	0.25189084865720374	0.012249797582626343
50.0	0.52839994	0.2520782411903376	0.011875182390213013
50.2	0.5307501	0.2522438051146536	0.012375414371490479
50.4	0.5333501	0.252309883302419	0.013999789953231812
50.6	0.53635	0.25239092134613555	0.012749731540679932
50.8	0.53845	0.2523174529313527	0.01175031065940857
51.0	0.54105014	0.25241314738989973	0.013875514268875122
51.2	0.5440002	0.2527825141974533	0.011625289916992188
51.4	0.54570025	0.252619297605047	0.009999871253967285
51.6	0.54800016	0.25290511942598654	0.011749863624572754
51.8	0.5504002	0.2530708188862414	0.012000054121017456
52.0	0.5528002	0.25320379025280565	0.012374818325042725
52.2	0.5553501	0.25321705483026774	0.013375133275985718
52.4	0.55815023	0.2536652851690782	0.013250410556793213
52.6	0.5606503	0.2541438112083453	0.010624974966049194
52.8	0.5624002	0.25420707924398017	0.009499937295913696
53.0	0.56445026	0.2543593849030633	0.01287505030632019
53.2	0.56755024	0.2539576671102454	0.01337498426437378
53.4	0.56980026	0.2543874195032982	0.012874901294708252
53.6	0.5727002	0.254449816685255	0.01337483525276184
53.8	0.5751502	0.25391923286132684	0.011875033378601074
54.0	0.5774502	0.2536907503724081	0.012625008821487427
54.2	0.5802002	0.25370841374153863	0.012624859809875488
54.4	0.58250016	0.2539463509742945	0.011749863624572754
54.6	0.58490014	0.253844419146996	0.012500137090682983
54.8	0.5875002	0.25465417565912907	0.012875646352767944
55.0	0.5900504	0.25478127212100343	0.013250261545181274
55.2	0.5928003	0.2547413573842952	0.01337483525276184
55.4	0.59540033	0.254987919650737	0.01324966549873352
55.6	0.5981002	0.2548458144862254	0.012249350547790527
55.8	0.6003001	0.25471534821400416	0.010624527931213379
56.0	0.60235	0.25489601032977394	0.010125041007995605
56.2	0.6043501	0.25491876356794996	0.009625405073165894
56.4	0.60620016	0.2548167156053283	0.01037508249282837
56.6	0.6085001	0.254740551538917	0.00974997878074646
56.8	0.61010015	0.2543579930150509	0.011000782251358032
57.0	0.61290044	0.25429036284412937	0.013625770807266235
57.2	0.61555046	0.2546383636669719	0.014875084161758423
57.4	0.61885047	0.2545234294356196	0.014000087976455688
57.6	0.6211505	0.2539196251751271	0.010375231504440308
57.8	0.62300056	0.2540295230761602	0.01037508249282837
58.0	0.6253005	0.2538206228747156	0.011500418186187744
58.2	0.6276007	0.2530775348885942	0.012750327587127686
58.4	0.63040066	0.25359581752945065	0.013499855995178223
58.6	0.6330007	0.2533692931412778	0.012250244617462158
58.8	0.63530076	0.2529701735689265	0.012375414371490479
59.0	0.63795084	0.2525515715180602	0.01274988055229187
59.2	0.6404007	0.2522356810032278	0.010999739170074463
59.4	0.64235073	0.25176174498183884	0.010999888181686401
59.6	0.64480066	0.2514815276184262	0.011124759912490845
59.8	0.64680064	0.2509676447095594	0.01237526535987854
60.0	0.64975077	0.2505841897973031	0.014000236988067627
60.2	0.65240073	0.2504580589250598	0.013125091791152954
60.4	0.6550008	0.25003999533517834	0.011500418186187744
60.6	0.6570009	0.25018193234743796	0.009874999523162842
60.8	0.6589508	0.2500347911128717	0.011250227689743042
61.0	0.661501	0.249494986316093	0.012875199317932129
61.2	0.6641009	0.24918103710402278	0.01137465238571167
61.4	0.66605085	0.24893753353016282	0.009499937295913696
61.6	0.66790086	0.24872592968109167	0.010874718427658081
61.8	0.67040074	0.24889523738660396	0.01074954867362976
62.0	0.6722007	0.24912277940391336	0.011624842882156372
62.2	0.6750507	0.24869659335851826	0.012250393629074097
62.4	0.67710084	0.24831550085868484	0.01012563705444336
62.6	0.67910093	0.24806891778568219	0.010499954223632812
62.8	0.6813008	0.24763947184167381	0.01175031065940857
63.0	0.68380105	0.24747234040752678	0.011625140905380249
63.2	0.6859509	0.2471337628795969	0.010624676942825317
63.4	0.6880509	0.24678876690242413	0.01012459397315979
63.6	0.6900007	0.24624174694431353	0.010124742984771729
63.8	0.6921008	0.24599306469395674	0.01087576150894165
64.0	0.694351	0.24537843299275885	0.009625554084777832
64.2	0.69595104	0.24508385366501992	0.008999854326248169
64.4	0.69795096	0.24484341257260403	0.009874701499938965
64.6	0.6999009	0.24482644394746797	0.010749995708465576
64.8	0.70225096	0.24449424674102688	0.011874586343765259
65.0	0.70465076	0.2440714581154369	0.011374503374099731
65.2	0.70680076	0.24420024085283643	0.011000633239746094
65.4	0.709051	0.24378391392276513	0.01150086522102356
65.6	0.7114011	0.24308442827206525	0.010249912738800049
65.8	0.713151	0.24258931701137823	0.00912487506866455
66.0	0.71505105	0.24222096671236026	0.009249895811080933
66.2	0.71685094	0.24168900507100435	0.009749531745910645
66.4	0.71895087	0.24163691084371602	0.010749995708465576
66.6	0.72115093	0.24133001317062625	0.010250210762023926
66.8	0.72305095	0.24103152646042597	0.007999986410140991
67.0	0.7243509	0.24052978335881767	0.0077499449253082275
67.2	0.72615093	0.24012220903192522	0.00925019383430481
67.4	0.728051	0.23975131997078666	0.00875025987625122
67.6	0.72965103	0.2394856476196428	0.008249878883361816
67.8	0.73135096	0.2389553835935129	0.008624792098999023
68.0	0.73310095	0.23847303414831728	0.010500401258468628
68.2	0.7355511	0.2377786715991264	0.011000484228134155
68.4	0.73750114	0.2377472380565245	0.009625405073165894
68.6	0.7394013	0.23720800574044293	0.008000284433364868
68.8	0.74070126	0.23717821986111134	0.00787496566772461
69.0	0.74255127	0.23633026777101857	0.009374916553497314
69.2	0.7444512	0.23591671305707518	0.010749995708465576
69.4	0.74685127	0.2348245631532718	0.010749995708465576
69.6	0.7487512	0.23348647801932526	0.008874982595443726
69.8	0.75040126	0.23302325857670395	0.009375214576721191
70.0	0.7525013	0.23259137538339247	0.011374950408935547
70.2	0.75495124	0.23183614135507086	0.011749863624572754
70.4	0.75720125	0.23085310937918815	0.009250342845916748
70.6	0.7586514	0.23022310144366648	0.007625222206115723
70.8	0.76025134	0.2299726844646615	0.009125322103500366
71.0	0.7623015	0.22940947686032745	0.008625239133834839
71.2	0.76370144	0.229112000925754	0.007874667644500732
71.4	0.7654514	0.22877673764004142	0.008999854326248169
71.6	0.7673014	0.22816815743168523	0.009249746799468994
71.8	0.7691513	0.22715804082180419	0.009249448776245117
72.0	0.77100116	0.22666935839900923	0.009875446557998657
72.2	0.77310145	0.22587914658371666	0.009250938892364502
72.4	0.77470154	0.22546598015724886	0.0077502429485321045
72.6	0.77620155	0.22458530283101724	0.007999688386917114
72.8	0.7779014	0.22359916999929075	0.007749646902084351
73.0	0.7793014	0.2233192979114063	0.006999671459197998
73.2	0.7807013	0.2228172093935973	0.007875114679336548
73.4	0.78245145	0.22249605771199552	0.007750391960144043
73.6	0.78380144	0.22179395546408007	0.008124709129333496
73.8	0.78570133	0.22139446283766298	0.010124742984771729
74.0	0.78785133	0.22060117016993527	0.009125322103500366
74.2	0.78935146	0.21966810489616342	0.008750110864639282
74.4	0.7913514	0.21914076705963523	0.010250210762023926
74.6	0.79345155	0.21837947773379	0.01012563705444336
74.8	0.79540163	0.21797669211667892	0.007874816656112671
75.0	0.7966015	0.2171829604253959	0.006374567747116089
75.2	0.79795146	0.21677937248585027	0.007875263690948486
75.4	0.7997516	0.21653506835937786	0.007875412702560425
75.6	0.8011016	0.21641115585043677	0.006625503301620483
75.8	0.8024018	0.21570637197076362	0.007625371217727661
76.0	0.8041518	0.21451171617750048	0.008124858140945435
76.2	0.8056517	0.2140457333338908	0.00712469220161438
76.4	0.80700165	0.21337993909807926	0.00712469220161438
76.6	0.8085016	0.21321995414148703	0.006749629974365234
76.8	0.8097015	0.21245213215604897	0.006875097751617432
77.0	0.81125164	0.2118276098796613	0.008624941110610962
77.2	0.8131515	0.21111507842549082	0.008624643087387085
77.4	0.8147015	0.21065115352668476	0.008625239133834839
77.6	0.8166016	0.20968890901721737	0.008000433444976807
77.8	0.8179017	0.20900858487961338	0.006750226020812988
78.0	0.81930166	0.20862048924036813	0.006749778985977173
78.2	0.8206016	0.2074382774126892	0.007249563932418823
78.4	0.8222015	0.2070438574404976	0.008624941110610962
78.6	0.82405156	0.20640759687664453	0.008000582456588745
78.8	0.8254017	0.20582720575204316	0.006999969482421875
79.0	0.82685155	0.20553971905416954	0.00599980354309082
79.2	0.82780164	0.2052490161918043	0.005999952554702759
79.4	0.8292515	0.20417378955619472	0.007874667644500732
79.6	0.8309515	0.2028906013771281	0.0077502429485321045
79.8	0.8323516	0.20262274336479374	0.0065004825592041016
80.0	0.8335517	0.201523934574195	0.005625337362289429
80.2	0.83460176	0.20076812204422875	0.005875080823898315
80.4	0.83590174	0.19974030373408533	0.007874816656112671
80.6	0.8377517	0.19886537184408096	0.008375495672225952
80.8	0.83925194	0.19751439491798248	0.007875561714172363
81.0	0.8409019	0.19679224765985034	0.007624775171279907
81.2	0.84230185	0.19626693322972796	0.005874335765838623
81.4	0.84325165	0.1957088047332348	0.0054992735385894775
81.6	0.84450155	0.19526840168994525	0.006499737501144409
81.8	0.84585154	0.19450006812515538	0.0062499940395355225
82.0	0.84700155	0.19387108861269298	0.005124956369400024
82.2	0.8479015	0.1932112538636287	0.006625354290008545
82.4	0.8496517	0.1919046024440231	0.00875040888786316
82.6	0.8514017	0.19076959597017293	0.006624758243560791
82.8	0.8523016	0.1899992334136151	0.00562518835067749
83.0	0.85365176	0.18948397344027484	0.006375312805175781
83.2	0.8548517	0.18904755002923318	0.005374699831008911
83.4	0.85580164	0.1886037088898111	0.0066249072551727295
83.6	0.8575017	0.1870928887218486	0.007500052452087402
83.8	0.85880166	0.18601763127930498	0.00599980354309082
84.0	0.8599016	0.18501888877859038	0.006124824285507202
84.2	0.8612516	0.18389109871828072	0.006374716758728027
84.4	0.8624515	0.18333711243260084	0.006249547004699707
84.6	0.8637514	0.18265660732523237	0.006499737501144409
84.8	0.8650514	0.18201921925862555	0.005250275135040283
85.0	0.8658515	0.18100076293390804	0.004875212907791138
85.2	0.8670015	0.18014160957163686	0.006250292062759399
85.4	0.86835164	0.1791110742273033	0.007125139236450195
85.6	0.8698515	0.17799853056547268	0.006124675273895264
85.8	0.8708015	0.17734813042215866	0.005750060081481934
86.0	0.87215155	0.17594566463999797	0.006124973297119141
86.2	0.8732515	0.17547631434949815	0.006000399589538574
86.4	0.8745517	0.1742406293703152	0.0050005316734313965
86.6	0.8752517	0.17359417300126168	0.005124807357788086
86.8	0.87660164	0.17247445997801797	0.006874501705169678
87.0	0.8780015	0.17159836639833423	0.005874931812286377
87.2	0.8789516	0.17128746849677692	0.004875212907791138
87.4	0.8799516	0.17092541189092267	0.004875510931015015
87.6	0.8809018	0.17041182152961779	0.004750639200210571
87.8	0.88185185	0.16965576002988325	0.004249662160873413
88.0	0.8826017	0.16918108484361552	0.003999620676040649
88.2	0.8834517	0.16842979697101507	0.004500597715377808
88.4	0.8844019	0.16765034768693923	0.005625933408737183
88.6	0.8857021	0.1667648329488529	0.006750375032424927
88.8	0.88710207	0.16561578836621413	0.006000250577926636
89.0	0.8881022	0.1648738586900921	0.0046253204345703125
89.2	0.8889522	0.16445484786600711	0.005250126123428345
89.4	0.8902022	0.16327571592134055	0.005999952554702759
89.6	0.8913522	0.16245823086471323	0.005124956369400024
89.8	0.8922522	0.16160890096766284	0.003625154495239258
90.0	0.89280224	0.16114639111780268	0.003375113010406494
90.2	0.89360225	0.16065191996863007	0.004875063896179199
90.4	0.89475226	0.16029640329093378	0.005000084638595581
90.6	0.8956023	0.15992385512522114	0.004374831914901733
90.8	0.8965022	0.15898977767860895	0.004124641418457031
91.0	0.89725214	0.1580662422058267	0.004500001668930054
91.2	0.8983022	0.15716904717503807	0.005000084638595581
91.4	0.8992522	0.15640312286993824	0.0050002336502075195
91.6	0.9003023	0.15561140588974626	0.005500167608261108
91.8	0.90145224	0.1545975312642189	0.004499852657318115
92.0	0.90210223	0.15411226323947944	0.0035002827644348145
92.2	0.90285236	0.1535069273584678	0.0038751959800720215
92.4	0.9036523	0.1529842384163508	0.0053751468658447266
92.6	0.9050024	0.1521840965603612	0.004875212907791138
92.8	0.9056024	0.1515210851617933	0.0037498772144317627
93.0	0.90650237	0.15095611832336056	0.004374980926513672
93.2	0.9073524	0.1503112664494805	0.0042501091957092285
93.4	0.9082024	0.14987581426194452	0.004000067710876465
93.6	0.9089524	0.14880321486826054	0.002749711275100708
93.8	0.9093023	0.14825150713855242	0.0024996697902679443
94.0	0.9099523	0.14764314112887358	0.0032497942447662354
94.2	0.9106022	0.14728421372855188	0.0034999847412109375
94.4	0.9113523	0.1466242719002995	0.004125386476516724
94.6	0.91225237	0.1460733960320456	0.004125386476516724
94.8	0.91300243	0.1455025755728648	0.004125386476516724
95.0	0.9139025	0.14502341063570365	0.004000216722488403
95.2	0.9146025	0.14469567931816876	0.003500133752822876
95.4	0.9153026	0.14380858607393116	0.003374814987182617
95.6	0.91595244	0.143258846495617	0.004249513149261475
95.8	0.9170024	0.14216539476148843	0.004499554634094238
96.0	0.91775227	0.14165958177024196	0.003624558448791504
96.2	0.9184522	0.1410393451342448	0.003624856472015381
96.4	0.9192022	0.14061066662274113	0.004125088453292847
96.6	0.92010224	0.14005709391729332	0.004750043153762817
96.8	0.9211022	0.13933696371569376	0.0037498772144317627
97.0	0.9216022	0.1391525761222021	0.002750009298324585
97.2	0.9222022	0.1387341327063862	0.0028748810291290283
97.4	0.92275214	0.13836523082436566	0.003999620676040649
97.6	0.9238021	0.1372171984789893	0.00412479043006897
97.8	0.92440206	0.13665518482199393	0.002999603748321533
98.0	0.9250019	0.13603308275471113	0.003624856472015381
98.2	0.925852	0.13494175457174132	0.004250258207321167
98.4	0.926702	0.1340973889798187	0.004124939441680908
98.6	0.927502	0.13382357641748055	0.0034996867179870605
98.8	0.9281019	0.13364276902378255	0.0036244094371795654
99.0	0.92895174	0.13277574010096405	0.00412479043006897
99.2	0.9297518	0.13203195494319744	0.003875046968460083
99.4	0.93050176	0.1309188665961294	0.003374814987182617
99.6	0.93110174	0.13043308478997565	0.003000199794769287
99.8	0.93170184	0.1300388776847582	0.0027501583099365234
100.0	0.9322018	0.12954983477809995	0.0028748810291290283
100.2	0.9328518	0.12920285274298077	0.003124922513961792
100.4	0.9334518	0.12883554296816097	0.003750026226043701
100.6	0.9343518	0.12824810783975746	0.004125088453292847
100.8	0.9351018	0.12727132336118616	0.0027498602867126465
101.0	0.93545175	0.12690861725454808	0.002749711275100708
101.2	0.9362017	0.12660789725599925	0.003374814987182617
101.4	0.9368017	0.12645457547064728	0.002750009298324585
101.6	0.9373017	0.12618918259616194	0.0018750131130218506
101.8	0.9375517	0.12610510419751986	0.0027498602867126465
102.0	0.93840164	0.1248616835108175	0.0034999847412109375
102.2	0.9389517	0.12409833776506171	0.002875030040740967
102.4	0.93955165	0.12324081088099413	0.00412479043006897
102.6	0.9406016	0.1219288298948148	0.003624856472015381
102.8	0.9410016	0.12111564617749881	0.0017501413822174072
103.0	0.94130164	0.12078621468513623	0.001624971628189087
103.2	0.9416516	0.12048973914057426	0.002749711275100708
103.4	0.9424015	0.1200509881102833	0.0033749639987945557
103.6	0.94300157	0.11950313667930834	0.00299990177154541
103.8	0.9436015	0.11903377549967024	0.0024996697902679443
104.0	0.94400144	0.11867602835833956	0.002499818801879883
104.2	0.9446014	0.11777452950244328	0.0023749470710754395
104.4	0.9449514	0.11735415320769396	0.0023746490478515625
104.6	0.9455513	0.11639457589422533	0.002499818801879883
104.8	0.94595134	0.11543871670605207	0.0025001168251037598
105.0	0.9465513	0.11467605381928374	0.0021250545978546143
105.2	0.94680136	0.1144760227062319	0.0013753771781921387
105.4	0.9471015	0.11402451414559936	0.0016254186630249023
105.6	0.94745153	0.11356054456177862	0.0025001168251037598
105.8	0.9481015	0.11303269363298389	0.0024996697902679443
106.0	0.9484514	0.11260593833563584	0.0018747150897979736
106.2	0.9488514	0.112544112652796	0.0028748810291290283
106.4	0.94960135	0.11106232383441551	0.0028754770755767822
106.6	0.9500016	0.11038568672828938	0.0022505223751068115
106.8	0.95050156	0.10977135275752772	0.001999884843826294
107.0	0.95080155	0.109290255157808	0.001499950885772705
107.2	0.95110154	0.1090127970834551	0.0022499263286590576
107.4	0.9517015	0.10847631052788174	0.00299990177154541
107.6	0.9523015	0.10823451360163847	0.0031250715255737305
107.8	0.95295155	0.1076744977350476	0.0026248395442962646
108.0	0.95335144	0.1070340010075033	0.0017495453357696533
108.2	0.95365137	0.10688394342971465	0.0018750131130218506
108.4	0.95410144	0.10641047847273659	0.00262528657913208
108.6	0.9547015	0.10570198621772009	0.0025002658367156982
108.8	0.95510155	0.10501899786585445	0.002125352621078491
109.0	0.9555516	0.1044590713998391	0.0022502243518829346
109.2	0.95600164	0.10406248165429957	0.0024999678134918213
109.4	0.9565516	0.1033421379665739	0.002624988555908203
109.6	0.95705163	0.10199410561958434	0.0021252036094665527
109.8	0.9574017	0.10129284229468698	0.0017498433589935303
110.0	0.9577516	0.10093283606747033	0.002249777317047119
110.2	0.9583016	0.10070307783072223	0.0022499263286590576
110.4	0.95865154	0.1003378173561533	0.0014998018741607666
110.6	0.9589015	0.0998037577802491	0.0012500584125518799
110.8	0.95915157	0.09949259943470436	0.0013752281665802002
111.0	0.9594516	0.09883419100531245	0.0024999678134918213
111.2	0.96015155	0.09728554718416409	0.002374798059463501
111.4	0.96040154	0.09698886636267545	0.0017501413822174072
111.6	0.9608516	0.09664252412213918	0.0021252036094665527
111.8	0.9612516	0.09615579902613178	0.0013747811317443848
112.0	0.9614015	0.09607309692086813	0.0014996528625488281
112.2	0.9618515	0.09516867991082736	0.0018750131130218506
112.4	0.9621515	0.09486768485814155	0.002250075340270996
112.6	0.9627515	0.09412724172656316	0.0031250715255737305
112.8	0.96340156	0.09330294825797293	0.0025004148483276367
113.0	0.9637517	0.0930507263487237	0.0018753111362457275
113.2	0.9641517	0.09226200508225786	0.002624988555908203
113.4	0.96480167	0.0913014796031698	0.002624988555908203
113.6	0.9652017	0.08999422291172371	0.001624971628189087
113.8	0.96545166	0.08963145453183269	0.001999884843826294
114.0	0.96600163	0.08884818603623242	0.0021247565746307373
114.2	0.96630156	0.08822873766438293	0.0019997358322143555
114.4	0.9668015	0.08750862904661501	0.0018748641014099121
114.6	0.9670515	0.0873315386680933	0.0017498433589935303
114.8	0.96750146	0.08699856396220265	0.0021247565746307373
115.0	0.9679014	0.08685960013511543	0.0018748641014099121
115.2	0.9682514	0.08572886090801568	0.001499950885772705
115.4	0.9685014	0.08568984821292036	0.001624971628189087
115.6	0.9689014	0.08495757826721745	0.0023749470710754395
115.8	0.96945137	0.08428640230249715	0.0016248226165771484
116.0	0.9695513	0.08402557707608287	0.0011251866817474365
116.2	0.96990144	0.08365996728039812	0.0018753111362457275
116.4	0.97030145	0.08311383829583868	0.002499818801879883
116.6	0.97090137	0.08199506128958867	0.0023746490478515625
116.8	0.9712513	0.0810613196383139	0.001499950885772705
117.0	0.97150135	0.08091816884123697	0.0011248886585235596
117.2	0.97170126	0.08049291919298719	0.001124739646911621
117.4	0.97195125	0.08009804941146793	0.0012499094009399414
117.6	0.9722012	0.07991970976864872	0.0013749301433563232
117.8	0.9725012	0.07942764031615684	0.002000182867050171
118.0	0.9730013	0.07890500649274938	0.0015003979206085205
118.2	0.9731014	0.07878064512018623	8.751451969146729E-4
118.4	0.97335136	0.07850017552612712	0.0012502074241638184
118.6	0.97360146	0.07824985659895681	0.001125037670135498
118.8	0.9738014	0.07770817228180599	6.248056888580322E-4
119.0	0.9738514	0.07770892878816071	8.749961853027344E-4
119.2	0.9741514	0.07703426236922112	0.0017498433589935303
119.4	0.9745513	0.07667983828893433	0.0013747811317443848
119.6	0.9747013	0.076517384349487	8.749961853027344E-4
119.8	0.9749013	0.07609198447966806	0.0010000169277191162
120.0	0.9751013	0.07596045136369797	0.0013749301433563232
120.2	0.9754513	0.0755962806909531	0.0014998018741607666
120.4	0.9757012	0.07549509974368324	0.0013747811317443848
120.6	0.9760012	0.07502666293352472	0.0016251206398010254
120.8	0.97635126	0.07458671174831816	0.0017499923706054688
121.0	0.9767012	0.07366892239867694	0.0011248886585235596
121.2	0.9768012	0.0735646662831291	6.249547004699707E-4
121.4	0.9769512	0.07352684966418309	8.748471736907959E-4
121.6	0.97715116	0.07335105683583022	9.997189044952393E-4
121.8	0.97735107	0.07327671899908554	7.496774196624756E-4
122.0	0.977451	0.07327344417341419	4.999339580535889E-4
122.2	0.97755104	0.07303079904669131	6.251037120819092E-4
122.4	0.97770107	0.0727166419993093	6.251037120819092E-4
122.6	0.9778011	0.07260964138130574	0.0010000169277191162
122.8	0.9781011	0.0723559954852209	0.0010000169277191162
123.0	0.9782011	0.0715524986052588	0.0010000169277191162
123.2	0.9785011	0.07080077719334298	0.0011248886585235596
123.4	0.97865105	0.0707578797531182	0.0011248886585235596
123.6	0.97895104	0.07056484616391204	0.0013747811317443848
123.8	0.97920096	0.06973062473161304	0.001249760389328003
124.0	0.97945094	0.06917512233469077	9.998679161071777E-4
124.2	0.9796009	0.0689118281067146	8.746981620788574E-4
124.4	0.9798008	0.06875289137221133	9.997189044952393E-4
124.6	0.9800008	0.06848357552191581	7.498264312744141E-4
124.8	0.98010075	0.06822015870023367	7.499754428863525E-4
125.0	0.9803008	0.06809486074027365	7.50124454498291E-4
125.2	0.9804008	0.0680502759416695	8.751451969146729E-4
125.4	0.98065084	0.06729099193784616	0.0011248886585235596
125.6	0.98085076	0.06719953562905333	9.997189044952393E-4
125.8	0.9810507	0.06647102819089216	0.0011248886585235596
126.0	0.9813007	0.06584307150695805	0.0012500584125518799
126.2	0.98155075	0.06536128481993307	0.0010000169277191162
126.4	0.9817007	0.06461509211574377	8.749961853027344E-4
126.6	0.98190075	0.06397179149021764	8.749961853027344E-4
126.8	0.9820507	0.06368121853287535	9.997189044952393E-4
127.0	0.98230064	0.06365304403725605	0.0010000169277191162
127.2	0.9824507	0.06308325913519904	8.752942085266113E-4
127.4	0.98265076	0.06301966025156772	6.251037120819092E-4
127.6	0.98270077	0.06285467368899403	2.498924732208252E-4
127.8	0.9827507	0.06280873746092373	6.249547004699707E-4
128.0	0.98295075	0.06238427275300347	5.000829696655273E-4
128.2	0.98295075	0.06238427275300347	6.246566772460938E-4
128.4	0.9832006	0.061868893417046315	8.748471736907959E-4
128.6	0.9833007	0.061123727159353484	5.002319812774658E-4
128.8	0.9834007	0.060575902860828305	6.251037120819092E-4
129.0	0.9835507	0.060472287227290325	0.0012499094009399414
129.2	0.98390067	0.05958850601842025	0.001249760389328003
129.4	0.98405063	0.05948190950703558	8.749961853027344E-4
129.6	0.98425066	0.05911376797944074	7.50124454498291E-4
129.8	0.9843507	0.05901336776196881	8.751451969146729E-4
130.0	0.9846007	0.05871831132490281	0.0012499094009399414
130.2	0.98485065	0.05850621823100651	8.748471736907959E-4
130.4	0.98495066	0.058403746297766526	7.499754428863525E-4
130.6	0.98515064	0.05772328392604841	4.999339580535889E-4
130.8	0.98515064	0.05772328392604841	3.7491321563720703E-4
131.0	0.9853006	0.057392595343264706	0.0011248886585235596
131.2	0.9856006	0.05720699384227207	0.0012500584125518799
131.4	0.9858006	0.05690659129895472	5.000829696655273E-4
131.6	0.9858006	0.05690659129895472	4.997849464416504E-4
131.8	0.98600054	0.05664803724991967	8.746981620788574E-4
132.0	0.9861505	0.05604174874975369	8.751451969146729E-4
132.2	0.9863506	0.055822733154582006	0.001125037670135498
132.4	0.9866005	0.05495853058267518	6.248056888580322E-4
132.6	0.9866005	0.05495853058267518	6.249547004699707E-4
132.8	0.9868505	0.054217871337979916	6.249547004699707E-4
133.0	0.9868505	0.054217871337979916	3.7491321563720703E-4
133.2	0.98700047	0.053441557329560345	5.000829696655273E-4
133.4	0.98705053	0.053289750871142995	2.5019049644470215E-4
133.6	0.98710054	0.05327842008861535	2.498924732208252E-4
133.8	0.9871505	0.0532200859067411	4.997849464416504E-4
134.0	0.98730046	0.052571000602901874	6.249547004699707E-4
134.2	0.9874005	0.05221340917873653	3.7491321563720703E-4
134.4	0.9874504	0.05220150953019526	6.249547004699707E-4
134.6	0.98765045	0.051720185465085874	6.251037120819092E-4
134.8	0.98770046	0.05161114239557564	3.750622272491455E-4
135.0	0.9878005	0.05144084006951313	6.251037120819092E-4
135.2	0.9879505	0.05120837428723024	5.000829696655273E-4
135.4	0.9880005	0.05070502941888023	6.249547004699707E-4
135.6	0.9882005	0.04970673998663156	7.502734661102295E-4
135.8	0.9883006	0.04947837933939146	6.255507469177246E-4
136.0	0.9884507	0.04928587555360259	7.502734661102295E-4
136.2	0.98860073	0.04919390302128924	4.999339580535889E-4
136.4	0.9886507	0.049180052801770034	3.7476420402526855E-4
136.6	0.98875064	0.048640903669589466	3.7491321563720703E-4
136.8	0.98880064	0.04857530315692841	4.999339580535889E-4
137.0	0.9889506	0.04791030748750572	7.499754428863525E-4
137.2	0.98910064	0.04765700366061985	4.999339580535889E-4
137.4	0.9891506	0.04758967844635046	3.7476420402526855E-4
137.6	0.98925054	0.047454584341011775	6.249547004699707E-4
137.8	0.98940057	0.04725082022264557	6.252527236938477E-4
138.0	0.98950064	0.047220229567451	7.50124454498291E-4
138.2	0.9897006	0.04667879612705456	4.999339580535889E-4
138.4	0.9897006	0.04667879612705456	2.498924732208252E-4
138.6	0.9898006	0.04616232302322005	6.249547004699707E-4
138.8	0.9899506	0.0456234313103009	8.752942085266113E-4
139.0	0.9901507	0.04533737503905338	5.002319812774658E-4
139.2	0.9901507	0.04533737503905338	1.2502074241638184E-4
139.4	0.9902007	0.04526543937545443	5.000829696655273E-4
139.6	0.9903507	0.045159468191077405	7.499754428863525E-4
139.8	0.9905007	0.04505274755534384	7.498264312744141E-4
140.0	0.99065065	0.04449806231847123	6.248056888580322E-4
140.2	0.9907506	0.04332363762423632	2.498924732208252E-4
140.4	0.9907506	0.04332363762423632	3.750622272491455E-4
140.6	0.99090064	0.04262851222058053	3.750622272491455E-4
140.8	0.99090064	0.04262851222058053	2.497434616088867E-4
141.0	0.99100053	0.04182104864300058	6.248056888580322E-4
141.2	0.99115056	0.04164345745222825	6.251037120819092E-4
141.4	0.9912506	0.041544404490120056	4.999339580535889E-4
141.6	0.99135053	0.041444874360049955	6.248056888580322E-4
141.8	0.9915005	0.04059248815852533	3.7491321563720703E-4
142.0	0.9915005	0.04059248815852533	3.750622272491455E-4
142.2	0.9916505	0.04003470401383334	8.748471736907959E-4
142.4	0.99185044	0.03938372141166923	9.998679161071777E-4
142.6	0.99205047	0.03859141797123868	7.50124454498291E-4
142.8	0.9921505	0.038417151786546276	3.75211238861084E-4
143.0	0.99220055	0.03826434453548254	3.750622272491455E-4
143.2	0.9923005	0.03808818903102693	3.750622272491455E-4
143.4	0.9923506	0.03793385895258785	5.000829696655273E-4
143.6	0.99250054	0.03773261384426147	4.999339580535889E-4
143.8	0.99255055	0.037643028220380306	4.999339580535889E-4
144.0	0.9927005	0.03750613374403191	6.249547004699707E-4
144.2	0.99280053	0.03719085993921937	2.5004148483276367E-4
144.4	0.99280053	0.03719085993921937	0.0
144.6	0.99280053	0.03719085993921937	4.999339580535889E-4
144.8	0.9930005	0.037094475733700574	4.999339580535889E-4
145.0	0.9930005	0.037094475733700574	2.498924732208252E-4
145.2	0.99310046	0.03704578326002415	4.997849464416504E-4
145.4	0.9932004	0.03699675831933935	5.000829696655273E-4
145.6	0.9933005	0.03687966989026763	3.7491321563720703E-4
145.8	0.9933504	0.036854818150391745	6.248056888580322E-4
146.0	0.9935504	0.03571970883474097	6.252527236938477E-4
146.2	0.9936005	0.035693698300164174	2.498924732208252E-4
146.4	0.9936504	0.035667597711631714	2.497434616088867E-4
146.6	0.9937004	0.035641409853311656	3.750622272491455E-4
146.8	0.9938004	0.03502227986954956	5.000829696655273E-4
147.0	0.9939004	0.034825135758035	2.5004148483276367E-4
147.2	0.9939004	0.034825135758035	3.7491321563720703E-4
147.4	0.9940504	0.03394256279752654	6.249547004699707E-4
147.6	0.9941504	0.03373836954756658	2.5004148483276367E-4
147.8	0.9941504	0.03373836954756658	2.498924732208252E-4
148.0	0.99425036	0.03353263339084474	3.750622272491455E-4
148.2	0.9943004	0.03350388038999898	2.5004148483276367E-4
148.4	0.9943504	0.033400261941624036	1.2487173080444336E-4
148.6	0.9943504	0.033400261941624036	0.0
148.8	0.9943504	0.033400261941624036	0.0
149.0	0.9943504	0.033400261941624036	0.0
149.2	0.9943504	0.033400261941624036	4.999339580535889E-4
149.4	0.99455035	0.033057488764846	4.999339580535889E-4
149.6	0.99455035	0.033057488764846	0.0
149.8	0.99455035	0.033057488764846	0.0
150.0	0.99455035	0.033057488764846	1.2502074241638184E-4
150.2	0.99460036	0.033027866893926026	1.2502074241638184E-4
150.4	0.99460036	0.033027866893926026	0.0
150.6	0.99460036	0.033027866893926026	2.498924732208252E-4
150.8	0.9947003	0.032968319041329186	2.498924732208252E-4
151.0	0.9947003	0.032968319041329186	1.2502074241638184E-4
151.2	0.9947503	0.032556681073932794	1.2502074241638184E-4
151.4	0.9947503	0.032556681073932794	0.0
151.6	0.9947503	0.032556681073932794	1.2487173080444336E-4
151.8	0.99480027	0.03252629676899821	1.2487173080444336E-4
152.0	0.99480027	0.03252629676899821	1.2502074241638184E-4
152.2	0.9948503	0.032418783891752095	1.2502074241638184E-4
152.4	0.9948503	0.032418783891752095	1.2502074241638184E-4
152.6	0.9949003	0.032388114750536025	3.7491321563720703E-4
152.8	0.99500024	0.03224903166873081	4.999339580535889E-4
153.0	0.99510026	0.03132076032331897	7.50124454498291E-4
153.2	0.9953003	0.03111125231728629	7.499754428863525E-4
153.4	0.99540025	0.031045772959528487	2.498924732208252E-4
153.6	0.99540025	0.031045772959528487	0.0
153.8	0.99540025	0.031045772959528487	0.0
154.0	0.99540025	0.031045772959528487	2.5019049644470215E-4
154.2	0.9955003	0.030409703271088055	2.5019049644470215E-4
154.4	0.9955003	0.030409703271088055	0.0
154.6	0.9955003	0.030409703271088055	1.2487173080444336E-4
154.8	0.9955503	0.03029352322827823	2.498924732208252E-4
155.0	0.9956003	0.030259544751138706	2.5004148483276367E-4
155.2	0.9956503	0.02938668976912717	1.2502074241638184E-4
155.4	0.9956503	0.02938668976912717	2.498924732208252E-4
155.6	0.99575025	0.02931616505394827	2.498924732208252E-4
155.8	0.99575025	0.02931616505394827	1.2502074241638184E-4
156.0	0.99580026	0.028501930160737415	2.498924732208252E-4
156.2	0.9958502	0.028111875039472167	1.2487173080444336E-4
156.4	0.9958502	0.028111875039472167	1.251697540283203E-4
156.6	0.9959003	0.028074722032683606	3.750622272491455E-4
156.8	0.99600023	0.02736786530863629	2.498924732208252E-4
157.0	0.99600023	0.02736786530863629	1.2502074241638184E-4
157.2	0.99605024	0.027145857200345118	1.2502074241638184E-4
157.4	0.99605024	0.027145857200345118	1.2502074241638184E-4
157.6	0.99610025	0.027014626773449135	1.2502074241638184E-4
157.8	0.99610025	0.027014626773449135	2.498924732208252E-4
158.0	0.9962002	0.026468094975204835	2.498924732208252E-4
158.2	0.9962002	0.026468094975204835	1.251697540283203E-4
158.4	0.9962503	0.026427969096944334	1.251697540283203E-4
158.6	0.9962503	0.026427969096944334	0.0
158.8	0.9962503	0.026427969096944334	1.2487173080444336E-4
159.0	0.9963002	0.02581298202759482	3.7491321563720703E-4
159.2	0.99640024	0.0251404063349902	4.999339580535889E-4
159.4	0.9965002	0.025054940202060547	2.498924732208252E-4
159.6	0.9965002	0.025054940202060547	1.2487173080444336E-4
159.8	0.99655014	0.025011947693800888	1.2487173080444336E-4
160.0	0.99655014	0.025011947693800888	1.2502074241638184E-4
160.2	0.99660015	0.024968781034792456	2.5004148483276367E-4
160.4	0.99665016	0.02452096086434759	4.999339580535889E-4
160.6	0.9968001	0.024078206271606818	3.7491321563720703E-4
160.8	0.9968001	0.024078206271606818	0.0
161.0	0.9968001	0.024078206271606818	4.999339580535889E-4
161.2	0.9970001	0.02260530915859081	6.249547004699707E-4
161.4	0.9970501	0.021766890858881924	1.2502074241638184E-4
161.6	0.9970501	0.021766890858881924	0.0
161.8	0.9970501	0.021766890858881924	0.0
162.0	0.9970501	0.021766890858881924	1.2502074241638184E-4
162.2	0.9971001	0.021014043595303688	2.498924732208252E-4
162.4	0.99715006	0.020961334096841706	2.5004148483276367E-4
162.6	0.99720013	0.020667850367486917	1.251697540283203E-4
162.8	0.99720013	0.020667850367486917	0.0
163.0	0.99720013	0.020667850367486917	2.498924732208252E-4
163.2	0.9973001	0.02043795572521152	3.750622272491455E-4
163.4	0.99735016	0.019633581558070483	5.000829696655273E-4
163.6	0.9975001	0.018940697397304078	3.7491321563720703E-4
163.8	0.9975001	0.018940697397304078	0.0
164.0	0.9975001	0.018940697397304078	2.498924732208252E-4
164.2	0.9976001	0.018821264985795883	3.750622272491455E-4
164.4	0.99765015	0.0180825194208601	2.5019049644470215E-4
164.6	0.99770015	0.01759857966709809	1.2502074241638184E-4
164.8	0.99770015	0.01759857966709809	0.0
165.0	0.99770015	0.01759857966709809	0.0
165.2	0.99770015	0.01759857966709809	1.2487173080444336E-4
165.4	0.9977501	0.017533895892429343	1.2487173080444336E-4
165.6	0.9977501	0.017533895892429343	0.0
165.8	0.9977501	0.017533895892429343	0.0
166.0	0.9977501	0.017533895892429343	1.251697540283203E-4
166.2	0.9978002	0.017468829498952523	1.251697540283203E-4
166.4	0.9978002	0.017468829498952523	1.2487173080444336E-4
166.6	0.9978501	0.01740337619326655	1.2487173080444336E-4
166.8	0.9978501	0.01740337619326655	0.0
167.0	0.9978501	0.01740337619326655	1.2502074241638184E-4
167.2	0.9979001	0.016600903464553524	2.5004148483276367E-4
167.4	0.99795014	0.01653171179015383	1.2502074241638184E-4
167.6	0.99795014	0.01653171179015383	0.0
167.8	0.99795014	0.01653171179015383	0.0
168.0	0.99795014	0.01653171179015383	1.2502074241638184E-4
168.2	0.99800014	0.015999999762239304	2.5004148483276367E-4
168.4	0.99805015	0.015927884079828366	2.5019049644470215E-4
168.6	0.9981002	0.015536730770543992	3.7491321563720703E-4
168.8	0.9982001	0.01505855283991696	2.497434616088867E-4
169.0	0.9982001	0.01505855283991696	0.0
169.2	0.9982001	0.01505855283991696	0.0
169.4	0.9982001	0.01505855283991696	0.0
169.6	0.9982001	0.01505855283991696	1.251697540283203E-4
169.8	0.9982502	0.014298164530656614	1.251697540283203E-4
170.0	0.9982502	0.014298164530656614	1.2502074241638184E-4
170.2	0.9983002	0.013494813975706704	1.2502074241638184E-4
170.4	0.9983002	0.013494813975706704	2.498924732208252E-4
170.6	0.99840015	0.012745195202796999	2.498924732208252E-4
170.8	0.99840015	0.012745195202796999	0.0
171.0	0.99840015	0.012745195202796999	0.0
171.2	0.99840015	0.012745195202796999	0.0
171.4	0.99840015	0.012745195202796999	0.0
171.6	0.99840015	0.012745195202796999	0.0
171.8	0.99840015	0.012745195202796999	1.251697540283203E-4
172.0	0.9984502	0.012652964065459	1.251697540283203E-4
172.2	0.9984502	0.012652964065459	0.0
172.4	0.9984502	0.012652964065459	1.2472271919250488E-4
172.6	0.9985001	0.012559856625858823	1.2472271919250488E-4
172.8	0.9985001	0.012559856625858823	1.2502074241638184E-4
173.0	0.9985501	0.012263665640183379	1.2502074241638184E-4
173.2	0.9985501	0.012263665640183379	1.251697540283203E-4
173.4	0.9986002	0.011959932751589979	2.5004148483276367E-4
173.6	0.99865013	0.011860754202656296	1.2487173080444336E-4
173.8	0.99865013	0.011860754202656296	0.0
174.0	0.99865013	0.011860754202656296	0.0
174.2	0.99865013	0.011860754202656296	1.2502074241638184E-4
174.4	0.99870014	0.011760526735880454	1.2502074241638184E-4
174.6	0.99870014	0.011760526735880454	1.251697540283203E-4
174.8	0.9987502	0.011222187885530295	2.5004148483276367E-4
175.0	0.99880016	0.010419212953749224	2.498924732208252E-4
175.2	0.99885017	0.010304246572376186	1.2502074241638184E-4
175.4	0.99885017	0.010304246572376186	1.2502074241638184E-4
175.6	0.9989002	0.010187737544265173	2.498924732208252E-4
175.8	0.9989501	0.009560204395547008	1.2487173080444336E-4
176.0	0.9989501	0.009560204395547008	1.2502074241638184E-4
176.2	0.99900013	0.00943398149943173	1.2502074241638184E-4
176.4	0.99900013	0.00943398149943173	0.0
176.6	0.99900013	0.00943398149943173	1.2487173080444336E-4
176.8	0.9990501	0.008752000843404042	1.2487173080444336E-4
177.0	0.9990501	0.008752000843404042	0.0
177.2	0.9990501	0.008752000843404042	0.0
177.4	0.9990501	0.008752000843404042	1.2502074241638184E-4
177.6	0.9991001	0.008318053571973603	1.2502074241638184E-4
177.8	0.9991001	0.008318053571973603	0.0
178.0	0.9991001	0.008318053571973603	0.0
178.2	0.9991001	0.008318053571973603	0.0
178.4	0.9991001	0.008318053571973603	0.0
178.6	0.9991001	0.008318053571973603	0.0
178.8	0.9991001	0.008318053571973603	0.0
179.0	0.9991001	0.008318053571973603	1.2502074241638184E-4
179.2	0.9991501	0.0081717509795294	1.2502074241638184E-4
179.4	0.9991501	0.0081717509795294	0.0
179.6	0.9991501	0.0081717509795294	0.0
179.8	0.9991501	0.0081717509795294	0.0
180.0	0.9991501	0.0081717509795294	1.2487173080444336E-4
180.2	0.99920005	0.008022469252377993	1.2487173080444336E-4
180.4	0.99920005	0.008022469252377993	0.0
180.6	0.99920005	0.008022469252377993	1.2502074241638184E-4
180.8	0.99925005	0.007870038865538453	1.2502074241638184E-4
181.0	0.99925005	0.007870038865538453	0.0
181.2	0.99925005	0.007870038865538453	0.0
181.4	0.99925005	0.007870038865538453	0.0
181.6	0.99925005	0.007870038865538453	0.0
181.8	0.99925005	0.007870038865538453	1.2502074241638184E-4
182.0	0.99930006	0.007036335950774187	1.2502074241638184E-4
182.2	0.99930006	0.007036335950774187	0.0
182.4	0.99930006	0.007036335950774187	0.0
182.6	0.99930006	0.007036335950774187	0.0
182.8	0.99930006	0.007036335950774187	0.0
183.0	0.99930006	0.007036335950774187	0.0
183.2	0.99930006	0.007036335950774187	2.498924732208252E-4
183.4	0.9994	0.0066813188283754935	2.498924732208252E-4
183.6	0.9994	0.0066813188283754935	0.0
183.8	0.9994	0.0066813188283754935	0.0
184.0	0.9994	0.0066813188283754935	0.0
184.2	0.9994	0.0066813188283754935	0.0
184.4	0.9994	0.0066813188283754935	0.0
184.6	0.9994	0.0066813188283754935	0.0
184.8	0.9994	0.0066813188283754935	1.251697540283203E-4
185.0	0.9994501	0.006098976778512918	1.251697540283203E-4
185.2	0.9994501	0.006098976778512918	0.0
185.4	0.9994501	0.006098976778512918	0.0
185.6	0.9994501	0.006098976778512918	0.0
185.8	0.9994501	0.006098976778512918	0.0
186.0	0.9994501	0.006098976778512918	0.0
186.2	0.9994501	0.006098976778512918	0.0
186.4	0.9994501	0.006098976778512918	0.0
186.6	0.9994501	0.006098976778512918	0.0
186.8	0.9994501	0.006098976778512918	0.0
187.0	0.9994501	0.006098976778512918	0.0
187.2	0.9994501	0.006098976778512918	0.0
187.4	0.9994501	0.006098976778512918	0.0
187.6	0.9994501	0.006098976778512918	0.0
187.8	0.9994501	0.006098976778512918	0.0
188.0	0.9994501	0.006098976778512918	0.0
188.2	0.9994501	0.006098976778512918	1.2487173080444336E-4
188.4	0.99950004	0.005894914466844722	2.498924732208252E-4
188.6	0.99955004	0.005224702194236238	1.2502074241638184E-4
188.8	0.99955004	0.005224702194236238	0.0
189.0	0.99955004	0.005224702194236238	0.0
189.2	0.99955004	0.005224702194236238	0.0
189.4	0.99955004	0.005224702194236238	0.0
189.6	0.99955004	0.005224702194236238	0.0
189.8	0.99955004	0.005224702194236238	0.0
190.0	0.99955004	0.005224702194236238	0.0
190.2	0.99955004	0.005224702194236238	0.0
190.4	0.99955004	0.005224702194236238	2.498924732208252E-4
190.6	0.99965	0.004730487360772394	2.498924732208252E-4
190.8	0.99965	0.004730487360772394	0.0
191.0	0.99965	0.004730487360772394	0.0
191.2	0.99965	0.004730487360772394	0.0
191.4	0.99965	0.004730487360772394	1.2502074241638184E-4
191.6	0.9997	0.004462063367314146	1.2502074241638184E-4
191.8	0.9997	0.004462063367314146	0.0
192.0	0.9997	0.004462063367314146	1.2502074241638184E-4
192.2	0.99975	0.00417582426775594	1.2502074241638184E-4
192.4	0.99975	0.00417582426775594	0.0
192.6	0.99975	0.00417582426775594	0.0
192.8	0.99975	0.00417582426775594	0.0
193.0	0.99975	0.00417582426775594	1.2487173080444336E-4
193.2	0.99979997	0.0031559475202222443	1.2487173080444336E-4
193.4	0.99979997	0.0031559475202222443	0.0
193.6	0.99979997	0.0031559475202222443	0.0
193.8	0.99979997	0.0031559475202222443	0.0
194.0	0.99979997	0.0031559475202222443	0.0
194.2	0.99979997	0.0031559475202222443	0.0
194.4	0.99979997	0.0031559475202222443	0.0
194.6	0.99979997	0.0031559475202222443	0.0
194.8	0.99979997	0.0031559475202222443	0.0
195.0	0.99979997	0.0031559475202222443	0.0
195.2	0.99979997	0.0031559475202222443	0.0
195.4	0.99979997	0.0031559475202222443	0.0
195.6	0.99979997	0.0031559475202222443	0.0
195.8	0.99979997	0.0031559475202222443	0.0
196.0	0.99979997	0.0031559475202222443	0.0
196.2	0.99979997	0.0031559475202222443	0.0
196.4	0.99979997	0.0031559475202222443	0.0
196.6	0.99979997	0.0031559475202222443	0.0
196.8	0.99979997	0.0031559475202222443	0.0
197.0	0.99979997	0.0031559475202222443	0.0
197.2	0.99979997	0.0031559475202222443	0.0
197.4	0.99979997	0.0031559475202222443	0.0
197.6	0.99979997	0.0031559475202222443	0.0
197.8	0.99979997	0.0031559475202222443	0.0
198.0	0.99979997	0.0031559475202222443	0.0
198.2	0.99979997	0.0031559475202222443	0.0
198.4	0.99979997	0.0031559475202222443	0.0
198.6	0.99979997	0.0031559475202222443	0.0
198.8	0.99979997	0.0031559475202222443	0.0
199.0	0.99979997	0.0031559475202222443	0.0
199.2	0.99979997	0.0031559475202222443	1.251697540283203E-4
199.4	0.99985003	0.0027345024349518876	1.251697540283203E-4
199.6	0.99985003	0.0027345024349518876	0.0
199.8	0.99985003	0.0027345024349518876	0.0
200.0	0.99985003	0.0027345024349518876	1.2502074241638184E-4
200.2	0.99990004	0.002233831323370159	1.2502074241638184E-4
200.4	0.99990004	0.002233831323370159	0.0
200.6	0.99990004	0.002233831323370159	0.0
200.8	0.99990004	0.002233831323370159	0.0
201.0	0.99990004	0.002233831323370159	0.0
201.2	0.99990004	0.002233831323370159	0.0
201.4	0.99990004	0.002233831323370159	0.0
201.6	0.99990004	0.002233831323370159	0.0
201.8	0.99990004	0.002233831323370159	1.2487173080444336E-4
202.0	0.99995	0.0015803484397339679	1.2487173080444336E-4
202.2	0.99995	0.0015803484397339679	0.0
202.4	0.99995	0.0015803484397339679	0.0
202.6	0.99995	0.0015803484397339679	0.0
202.8	0.99995	0.0015803484397339679	0.0
203.0	0.99995	0.0015803484397339679	0.0
203.2	0.99995	0.0015803484397339679	0.0
203.4	0.99995	0.0015803484397339679	0.0
203.6	0.99995	0.0015803484397339679	0.0
203.8	0.99995	0.0015803484397339679	0.0
204.0	0.99995	0.0015803484397339679	0.0
204.2	0.99995	0.0015803484397339679	0.0
204.4	0.99995	0.0015803484397339679	0.0
204.6	0.99995	0.0015803484397339679	0.0
204.8	0.99995	0.0015803484397339679	0.0
205.0	0.99995	0.0015803484397339679	0.0
205.2	0.99995	0.0015803484397339679	0.0
205.4	0.99995	0.0015803484397339679	0.0
205.6	0.99995	0.0015803484397339679	0.0
205.8	0.99995	0.0015803484397339679	0.0
206.0	0.99995	0.0015803484397339679	0.0
206.2	0.99995	0.0015803484397339679	0.0
206.4	0.99995	0.0015803484397339679	0.0
206.6	0.99995	0.0015803484397339679	0.0
206.8	0.99995	0.0015803484397339679	0.0
207.0	0.99995	0.0015803484397339679	0.0
207.2	0.99995	0.0015803484397339679	0.0
207.4	0.99995	0.0015803484397339679	0.0
207.6	0.99995	0.0015803484397339679	0.0
207.8	0.99995	0.0015803484397339679	0.0
208.0	0.99995	0.0015803484397339679	0.0
208.2	0.99995	0.0015803484397339679	0.0
208.4	0.99995	0.0015803484397339679	0.0
208.6	0.99995	0.0015803484397339679	0.0
208.8	0.99995	0.0015803484397339679	0.0
209.0	0.99995	0.0015803484397339679	0.0
209.2	0.99995	0.0015803484397339679	0.0
209.4	0.99995	0.0015803484397339679	0.0
209.6	0.99995	0.0015803484397339679	0.0
209.8	0.99995	0.0015803484397339679	0.0
210.0	0.99995	0.0015803484397339679	0.0
210.2	0.99995	0.0015803484397339679	0.0
210.4	0.99995	0.0015803484397339679	0.0
210.6	0.99995	0.0015803484397339679	0.0
210.8	0.99995	0.0015803484397339679	0.0
211.0	0.99995	0.0015803484397339679	0.0
211.2	0.99995	0.0015803484397339679	0.0
211.4	0.99995	0.0015803484397339679	0.0
211.6	0.99995	0.0015803484397339679	0.0
211.8	0.99995	0.0015803484397339679	0.0
212.0	0.99995	0.0015803484397339679	0.0
212.2	0.99995	0.0015803484397339679	0.0
212.4	0.99995	0.0015803484397339679	0.0
212.6	0.99995	0.0015803484397339679	0.0
212.8	0.99995	0.0015803484397339679	0.0
213.0	0.99995	0.0015803484397339679	0.0
213.2	0.99995	0.0015803484397339679	0.0
213.4	0.99995	0.0015803484397339679	0.0
213.6	0.99995	0.0015803484397339679	0.0
213.8	0.99995	0.0015803484397339679	0.0
214.0	0.99995	0.0015803484397339679	0.0
214.2	0.99995	0.0015803484397339679	0.0
214.4	0.99995	0.0015803484397339679	0.0
214.6	0.99995	0.0015803484397339679	0.0
214.8	0.99995	0.0015803484397339679	0.0
215.0	0.99995	0.0015803484397339679	0.0
215.2	0.99995	0.0015803484397339679	0.0
215.4	0.99995	0.0015803484397339679	0.0
215.6	0.99995	0.0015803484397339679	0.0
215.8	0.99995	0.0015803484397339679	0.0
216.0	0.99995	0.0015803484397339679	0.0
216.2	0.99995	0.0015803484397339679	0.0
216.4	0.99995	0.0015803484397339679	0.0
216.6	0.99995	0.0015803484397339679	0.0
216.8	0.99995	0.0015803484397339679	0.0
217.0	0.99995	0.0015803484397339679	0.0
217.2	0.99995	0.0015803484397339679	0.0
217.4	0.99995	0.0015803484397339679	0.0
217.6	0.99995	0.0015803484397339679	0.0
217.8	0.99995	0.0015803484397339679	0.0
218.0	0.99995	0.0015803484397339679	0.0
218.2	0.99995	0.0015803484397339679	0.0
218.4	0.99995	0.0015803484397339679	0.0
218.6	0.99995	0.0015803484397339679	0.0
218.8	0.99995	0.0015803484397339679	0.0
219.0	0.99995	0.0015803484397339679	0.0
219.2	0.99995	0.0015803484397339679	0.0
219.4	0.99995	0.0015803484397339679	0.0
219.6	0.99995	0.0015803484397339679	0.0
219.8	0.99995	0.0015803484397339679	0.0
220.0	0.99995	0.0015803484397339679	0.0
220.2	0.99995	0.0015803484397339679	0.0
220.4	0.99995	0.0015803484397339679	0.0
220.6	0.99995	0.0015803484397339679	0.0
220.8	0.99995	0.0015803484397339679	0.0
221.0	0.99995	0.0015803484397339679	0.0
221.2	0.99995	0.0015803484397339679	0.0
221.4	0.99995	0.0015803484397339679	0.0
221.6	0.99995	0.0015803484397339679	0.0
221.8	0.99995	0.0015803484397339679	0.0
222.0	0.99995	0.0015803484397339679	0.0
222.2	0.99995	0.0015803484397339679	0.0
222.4	0.99995	0.0015803484397339679	0.0
222.6	0.99995	0.0015803484397339679	0.0
222.8	0.99995	0.0015803484397339679	0.0
223.0	0.99995	0.0015803484397339679	0.0
223.2	0.99995	0.0015803484397339679	0.0
223.4	0.99995	0.0015803484397339679	0.0
223.6	0.99995	0.0015803484397339679	0.0
223.8	0.99995	0.0015803484397339679	0.0
224.0	0.99995	0.0015803484397339679	0.0
224.2	0.99995	0.0015803484397339679	0.0
224.4	0.99995	0.0015803484397339679	0.0
224.6	0.99995	0.0015803484397339679	0.0
224.8	0.99995	0.0015803484397339679	0.0
225.0	0.99995	0.0015803484397339679	0.0
225.2	0.99995	0.0015803484397339679	0.0
225.4	0.99995	0.0015803484397339679	0.0
225.6	0.99995	0.0015803484397339679	0.0
225.8	0.99995	0.0015803484397339679	0.0
226.0	0.99995	0.0015803484397339679	0.0
226.2	0.99995	0.0015803484397339679	0.0
226.4	0.99995	0.0015803484397339679	0.0
226.6	0.99995	0.0015803484397339679	0.0
226.8	0.99995	0.0015803484397339679	0.0
227.0	0.99995	0.0015803484397339679	0.0
227.2	0.99995	0.0015803484397339679	0.0
227.4	0.99995	0.0015803484397339679	0.0
227.6	0.99995	0.0015803484397339679	0.0
227.8	0.99995	0.0015803484397339679	0.0
228.0	0.99995	0.0015803484397339679	0.0
228.2	0.99995	0.0015803484397339679	0.0
228.4	0.99995	0.0015803484397339679	0.0
228.6	0.99995	0.0015803484397339679	0.0
228.8	0.99995	0.0015803484397339679	0.0
229.0	0.99995	0.0015803484397339679	0.0
229.2	0.99995	0.0015803484397339679	0.0
229.4	0.99995	0.0015803484397339679	0.0
229.6	0.99995	0.0015803484397339679	0.0
229.8	0.99995	0.0015803484397339679	0.0
230.0	0.99995	0.0015803484397339679	0.0
230.2	0.99995	0.0015803484397339679	0.0
230.4	0.99995	0.0015803484397339679	0.0
230.6	0.99995	0.0015803484397339679	0.0
230.8	0.99995	0.0015803484397339679	0.0
231.0	0.99995	0.0015803484397339679	0.0
231.2	0.99995	0.0015803484397339679	0.0
231.4	0.99995	0.0015803484397339679	0.0
231.6	0.99995	0.0015803484397339679	0.0
231.8	0.99995	0.0015803484397339679	0.0
232.0	0.99995	0.0015803484397339679	0.0
232.2	0.99995	0.0015803484397339679	1.2502074241638184E-4
232.4	1.0	0.0	1.2502074241638184E-4
232.6	1.0	0.0	0.0
232.8	1.0	0.0	0.0
233.0	1.0	0.0	0.0
233.2	1.0	0.0	0.0
233.4	1.0	0.0	0.0
233.6	1.0	0.0	0.0
233.8	1.0	0.0	0.0
234.0	1.0	0.0	0.0
234.2	1.0	0.0	0.0
234.4	1.0	0.0	0.0
234.6	1.0	0.0	0.0
234.8	1.0	0.0	0.0
235.0	1.0	0.0	0.0
235.2	1.0	0.0	0.0
235.4	1.0	0.0	0.0
235.6	1.0	0.0	0.0
235.8	1.0	0.0	0.0
236.0	1.0	0.0	0.0
236.2	1.0	0.0	0.0
236.4	1.0	0.0	0.0
236.6	1.0	0.0	0.0
236.8	1.0	0.0	0.0
237.0	1.0	0.0	0.0
237.2	1.0	0.0	0.0
237.4	1.0	0.0	0.0
237.6	1.0	0.0	0.0
237.8	1.0	0.0	0.0
238.0	1.0	0.0	0.0
238.2	1.0	0.0	0.0
238.4	1.0	0.0	0.0
238.6	1.0	0.0	0.0
238.8	1.0	0.0	0.0
239.0	1.0	0.0	0.0
239.2	1.0	0.0	0.0
239.4	1.0	0.0	0.0
239.6	1.0	0.0	0.0
239.8	1.0	0.0	0.0
240.0	1.0	0.0	0.0
240.2	1.0	0.0	0.0
240.4	1.0	0.0	0.0
240.6	1.0	0.0	0.0
240.8	1.0	0.0	0.0
241.0	1.0	0.0	0.0
241.2	1.0	0.0	0.0
241.4	1.0	0.0	0.0
241.6	1.0	0.0	0.0
241.8	1.0	0.0	0.0
242.0	1.0	0.0	0.0
242.2	1.0	0.0	0.0
242.4	1.0	0.0	0.0
242.6	1.0	0.0	0.0
242.8	1.0	0.0	0.0
243.0	1.0	0.0	0.0
243.2	1.0	0.0	0.0
243.4	1.0	0.0	0.0
243.6	1.0	0.0	0.0
243.8	1.0	0.0	0.0
244.0	1.0	0.0	0.0
244.2	1.0	0.0	0.0
244.4	1.0	0.0	0.0
244.6	1.0	0.0	0.0
244.8	1.0	0.0	0.0
245.0	1.0	0.0	0.0
245.2	1.0	0.0	0.0
245.4	1.0	0.0	0.0
245.6	1.0	0.0	0.0
245.8	1.0	0.0	0.0
246.0	1.0	0.0	0.0
246.2	1.0	0.0	0.0
246.4	1.0	0.0	0.0
246.6	1.0	0.0	0.0
246.8	1.0	0.0	0.0
247.0	1.0	0.0	0.0
247.2	1.0	0.0	0.0
247.4	1.0	0.0	0.0
247.6	1.0	0.0	0.0
247.8	1.0	0.0	0.0
248.0	1.0	0.0	0.0
248.2	1.0	0.0	0.0
248.4	1.0	0.0	0.0
248.6	1.0	0.0	0.0
248.8	1.0	0.0	0.0
249.0	1.0	0.0	0.0
249.2	1.0	0.0	0.0
249.4	1.0	0.0	0.0
249.6	1.0	0.0	0.0
249.8	1.0	0.0	0.0
250.0	1.0	0.0	0.0
250.2	1.0	0.0	0.0
250.4	1.0	0.0	0.0
250.6	1.0	0.0	0.0
250.8	1.0	0.0	0.0
251.0	1.0	0.0	0.0
251.2	1.0	0.0	0.0
251.4	1.0	0.0	0.0
251.6	1.0	0.0	0.0
251.8	1.0	0.0	0.0
252.0	1.0	0.0	0.0
252.2	1.0	0.0	0.0
252.4	1.0	0.0	0.0
252.6	1.0	0.0	0.0
252.8	1.0	0.0	0.0
253.0	1.0	0.0	0.0
253.2	1.0	0.0	0.0
253.4	1.0	0.0	0.0
253.6	1.0	0.0	0.0
253.8	1.0	0.0	0.0
254.0	1.0	0.0	0.0
254.2	1.0	0.0	0.0
254.4	1.0	0.0	0.0
254.6	1.0	0.0	0.0
254.8	1.0	0.0	0.0
255.0	1.0	0.0	0.0
255.2	1.0	0.0	0.0
255.4	1.0	0.0	0.0
255.6	1.0	0.0	0.0
255.8	1.0	0.0	0.0
256.0	1.0	0.0	0.0
256.2	1.0	0.0	0.0
256.4	1.0	0.0	0.0
256.6	1.0	0.0	0.0
256.8	1.0	0.0	0.0
257.0	1.0	0.0	0.0
257.2	1.0	0.0	0.0
257.4	1.0	0.0	0.0
257.6	1.0	0.0	0.0
257.8	1.0	0.0	0.0
258.0	1.0	0.0	0.0
258.2	1.0	0.0	0.0
258.4	1.0	0.0	0.0
258.6	1.0	0.0	0.0
258.8	1.0	0.0	0.0
259.0	1.0	0.0	0.0
259.2	1.0	0.0	0.0
259.4	1.0	0.0	0.0
259.6	1.0	0.0	0.0
259.8	1.0	0.0	0.0
260.0	1.0	0.0	0.0
260.2	1.0	0.0	0.0
260.4	1.0	0.0	0.0
260.6	1.0	0.0	0.0
260.8	1.0	0.0	0.0
261.0	1.0	0.0	0.0
261.2	1.0	0.0	0.0
261.4	1.0	0.0	0.0
261.6	1.0	0.0	0.0
261.8	1.0	0.0	0.0
262.0	1.0	0.0	0.0
262.2	1.0	0.0	0.0
262.4	1.0	0.0	0.0
262.6	1.0	0.0	0.0
262.8	1.0	0.0	0.0
263.0	1.0	0.0	0.0
263.2	1.0	0.0	0.0
263.4	1.0	0.0	0.0
263.6	1.0	0.0	0.0
263.8	1.0	0.0	0.0
264.0	1.0	0.0	0.0
264.2	1.0	0.0	0.0
264.4	1.0	0.0	0.0
264.6	1.0	0.0	0.0
264.8	1.0	0.0	0.0
265.0	1.0	0.0	0.0
265.2	1.0	0.0	0.0
265.4	1.0	0.0	0.0
265.6	1.0	0.0	0.0
265.8	1.0	0.0	0.0
266.0	1.0	0.0	0.0
266.2	1.0	0.0	0.0
266.4	1.0	0.0	0.0
266.6	1.0	0.0	0.0
266.8	1.0	0.0	0.0
267.0	1.0	0.0	0.0
267.2	1.0	0.0	0.0
267.4	1.0	0.0	0.0
267.6	1.0	0.0	0.0
267.8	1.0	0.0	0.0
268.0	1.0	0.0	0.0
268.2	1.0	0.0	0.0
268.4	1.0	0.0	0.0
268.6	1.0	0.0	0.0
268.8	1.0	0.0	0.0
269.0	1.0	0.0	0.0
269.2	1.0	0.0	0.0
269.4	1.0	0.0	0.0
269.6	1.0	0.0	0.0
269.8	1.0	0.0	0.0
270.0	1.0	0.0	0.0
270.2	1.0	0.0	0.0
270.4	1.0	0.0	0.0
270.6	1.0	0.0	0.0
270.8	1.0	0.0	0.0
271.0	1.0	0.0	0.0
271.2	1.0	0.0	0.0
271.4	1.0	0.0	0.0
271.6	1.0	0.0	0.0
271.8	1.0	0.0	0.0
272.0	1.0	0.0	0.0
272.2	1.0	0.0	0.0
272.4	1.0	0.0	0.0
272.6	1.0	0.0	0.0
272.8	1.0	0.0	0.0
273.0	1.0	0.0	0.0
273.2	1.0	0.0	0.0
273.4	1.0	0.0	0.0
273.6	1.0	0.0	0.0
273.8	1.0	0.0	0.0
274.0	1.0	0.0	0.0
274.2	1.0	0.0	0.0
274.4	1.0	0.0	0.0
274.6	1.0	0.0	0.0
274.8	1.0	0.0	0.0
275.0	1.0	0.0	0.0
275.2	1.0	0.0	0.0
275.4	1.0	0.0	0.0
275.6	1.0	0.0	0.0
275.8	1.0	0.0	0.0
276.0	1.0	0.0	0.0
276.2	1.0	0.0	0.0
276.4	1.0	0.0	0.0
276.6	1.0	0.0	0.0
276.8	1.0	0.0	0.0
277.0	1.0	0.0	0.0
277.2	1.0	0.0	0.0
277.4	1.0	0.0	0.0
277.6	1.0	0.0	0.0
277.8	1.0	0.0	0.0
278.0	1.0	0.0	0.0
278.2	1.0	0.0	0.0
278.4	1.0	0.0	0.0
278.6	1.0	0.0	0.0
278.8	1.0	0.0	0.0
279.0	1.0	0.0	0.0
279.2	1.0	0.0	0.0
279.4	1.0	0.0	0.0
279.6	1.0	0.0	0.0
279.8	1.0	0.0	0.0
280.0	1.0	0.0	0.0
280.2	1.0	0.0	0.0
280.4	1.0	0.0	0.0
280.6	1.0	0.0	0.0
280.8	1.0	0.0	0.0
281.0	1.0	0.0	0.0
281.2	1.0	0.0	0.0
281.4	1.0	0.0	0.0
281.6	1.0	0.0	0.0
281.8	1.0	0.0	0.0
282.0	1.0	0.0	0.0
282.2	1.0	0.0	0.0
282.4	1.0	0.0	0.0
282.6	1.0	0.0	0.0
282.8	1.0	0.0	0.0
283.0	1.0	0.0	0.0
283.2	1.0	0.0	0.0
283.4	1.0	0.0	0.0
283.6	1.0	0.0	0.0
283.8	1.0	0.0	0.0
284.0	1.0	0.0	0.0
284.2	1.0	0.0	0.0
284.4	1.0	0.0	0.0
284.6	1.0	0.0	0.0
284.8	1.0	0.0	0.0
285.0	1.0	0.0	0.0
285.2	1.0	0.0	0.0
285.4	1.0	0.0	0.0
285.6	1.0	0.0	0.0
285.8	1.0	0.0	0.0
286.0	1.0	0.0	0.0
286.2	1.0	0.0	0.0
286.4	1.0	0.0	0.0
286.6	1.0	0.0	0.0
286.8	1.0	0.0	0.0
287.0	1.0	0.0	0.0
287.2	1.0	0.0	0.0
287.4	1.0	0.0	0.0
287.6	1.0	0.0	0.0
287.8	1.0	0.0	0.0
288.0	1.0	0.0	0.0
288.2	1.0	0.0	0.0
288.4	1.0	0.0	0.0
288.6	1.0	0.0	0.0
288.8	1.0	0.0	0.0
289.0	1.0	0.0	0.0
289.2	1.0	0.0	0.0
289.4	1.0	0.0	0.0
289.6	1.0	0.0	0.0
289.8	1.0	0.0	0.0
290.0	1.0	0.0	0.0
290.2	1.0	0.0	0.0
290.4	1.0	0.0	0.0
290.6	1.0	0.0	0.0
290.8	1.0	0.0	0.0
291.0	1.0	0.0	0.0
291.2	1.0	0.0	0.0
291.4	1.0	0.0	0.0
291.6	1.0	0.0	0.0
291.8	1.0	0.0	0.0
292.0	1.0	0.0	0.0
292.2	1.0	0.0	0.0
292.4	1.0	0.0	0.0
292.6	1.0	0.0	0.0
292.8	1.0	0.0	0.0
293.0	1.0	0.0	0.0
293.2	1.0	0.0	0.0
293.4	1.0	0.0	0.0
293.6	1.0	0.0	0.0
293.8	1.0	0.0	0.0
294.0	1.0	0.0	0.0
294.2	1.0	0.0	0.0
294.4	1.0	0.0	0.0
294.6	1.0	0.0	0.0
294.8	1.0	0.0	0.0
295.0	1.0	0.0	0.0
295.2	1.0	0.0	0.0
295.4	1.0	0.0	0.0
295.6	1.0	0.0	0.0
295.8	1.0	0.0	0.0
296.0	1.0	0.0	0.0
296.2	1.0	0.0	0.0
296.4	1.0	0.0	0.0
296.6	1.0	0.0	0.0
296.8	1.0	0.0	0.0
297.0	1.0	0.0	0.0
297.2	1.0	0.0	0.0
297.4	1.0	0.0	0.0
297.6	1.0	0.0	0.0
297.8	1.0	0.0	0.0
298.0	1.0	0.0	0.0
298.2	1.0	0.0	0.0
298.4	1.0	0.0	0.0
298.6	1.0	0.0	0.0
298.8	1.0	0.0	0.0
299.0	1.0	0.0	0.0
299.2	1.0	0.0	0.0
299.4	1.0	0.0	0.0
299.6	1.0	0.0	0.0
299.8	1.0	0.0	0.0
