0.0	0.94790834	0.010275704767658975	0.0
0.2	0.9478583	0.010624387001500821	-0.002250373363494873
0.4	0.9470082	0.012288210455504331	-0.004750192165374756
0.6	0.9459582	0.014180889569332372	-0.004750490188598633
0.8	0.945108	0.01615518795621469	-0.004750490188598633
1.0	0.944058	0.017524200687977887	-0.004500001668930054
1.2	0.943308	0.018976566605643935	-0.003875643014907837
1.4	0.94250774	0.020217568416644783	-0.004501044750213623
1.6	0.9415076	0.02174281575859547	-0.004875361919403076
1.8	0.9405576	0.02276395240757065	-0.0046253204345703125
2.0	0.93965745	0.02388257767715187	-0.0032502412796020508
2.2	0.9392575	0.02422679334722606	-0.002250075340270996
2.4	0.9387574	0.024615798074783188	-0.0036250054836273193
2.6	0.9378075	0.025810075646142575	-0.004999935626983643
2.8	0.93675745	0.027054343123855917	-0.005000382661819458
3.0	0.93580735	0.028606991041390615	-0.005000382661819458
3.2	0.9347573	0.02940981830889369	-0.0053754448890686035
3.4	0.93365717	0.031067304194057413	-0.0053757429122924805
3.6	0.932607	0.03220620800327696	-0.005250871181488037
3.8	0.9315568	0.03364665351504256	-0.005626380443572998
4.0	0.93035644	0.03494820804867158	-0.005125999450683594
4.2	0.9295064	0.03612131918256077	-0.004625171422958374
4.4	0.9285064	0.03778557480208002	-0.004625469446182251
4.6	0.92765623	0.03902533976130458	-0.0046253204345703125
4.8	0.92665625	0.04046328119669807	-0.004750043153762817
5.0	0.9257562	0.04200520286632437	-0.005250275135040283
5.2	0.92455614	0.0430673549276929	-0.005500465631484985
5.4	0.923556	0.04436098541357321	-0.004750490188598633
5.6	0.92265594	0.045874578900308896	-0.004125535488128662
5.8	0.9219058	0.046533745286857844	-0.004750639200210571
6.0	0.9207557	0.0479263698490375	-0.007376670837402344
6.2	0.91895515	0.04988383341638887	-0.007001608610153198
6.4	0.91795504	0.05123765046522437	-0.004875361919403076
6.6	0.917005	0.05192301307912701	-0.004124939441680908
6.8	0.91630507	0.052529127908955246	-0.005250275135040283
7.0	0.9149049	0.053972115489409424	-0.006000399589538574
7.2	0.9139049	0.05460576181870041	-0.004500150680541992
7.4	0.91310483	0.055528273918412134	-0.004500448703765869
7.6	0.9121047	0.05655607127675694	-0.004750341176986694
7.8	0.9112047	0.05744178959558186	-0.004750043153762817
8.0	0.9102047	0.058488966225708386	-0.004499703645706177
8.2	0.9094048	0.05938551315394559	-0.004749894142150879
8.4	0.90830475	0.060134092968530416	-0.005876123905181885
8.6	0.90705436	0.061260073547653546	-0.005500912666320801
8.8	0.9061044	0.06190952344329156	-0.0054998695850372314
9.0	0.9048544	0.06303948444376863	-0.005875080823898315
9.2	0.90375435	0.06401903280297905	-0.006375014781951904
9.4	0.9023044	0.06518979271411562	-0.00675007700920105
9.6	0.9010543	0.06596511635083149	-0.005500614643096924
9.8	0.90010417	0.0666707511447494	-0.005000084638595581
10.0	0.8990543	0.06776132062718158	-0.0062499940395355225
10.2	0.89760417	0.0690234672475703	-0.0061255693435668945
10.4	0.89660406	0.06984582328685573	-0.00550001859664917
10.6	0.89540416	0.0710551831580984	-0.007500052452087402
10.8	0.89360404	0.07272577962854443	-0.007250159978866577
11.0	0.8925041	0.0736121525858991	-0.006500333547592163
11.2	0.8910039	0.07542545318771617	-0.006750524044036865
11.4	0.8898039	0.07655690019947203	-0.006500184535980225
11.6	0.88840383	0.07723625405903234	-0.006125271320343018
11.8	0.8873538	0.07827819890116992	-0.006375163793563843
12.0	0.88585377	0.07979521568272817	-0.006750226020812988
12.2	0.8846537	0.0804790435532474	-0.006375312805175781
12.4	0.88330364	0.08118564506980758	-0.007625222206115723
12.6	0.8816036	0.08237984529661463	-0.0077499449253082275
12.8	0.88020366	0.08410088508637649	-0.006499737501144409
13.0	0.8790037	0.08505291799988193	-0.006124973297119141
13.2	0.8777537	0.08624057258109837	-0.006625950336456299
13.4	0.8763533	0.0874252611975779	-0.007000714540481567
13.6	0.8749534	0.0882609556639352	-0.007499754428863525
13.8	0.8733534	0.08998486682296199	-0.007999837398529053
14.0	0.87175345	0.09134788568710435	-0.006875097751617432
14.2	0.8706034	0.09233438536224739	-0.0066252052783966064
14.4	0.8691034	0.09327480211269673	-0.0072498619556427
14.6	0.86770344	0.09469270667286177	-0.00825047492980957
14.8	0.8658032	0.09612678445972628	-0.007000565528869629
15.0	0.8649032	0.09727789418844696	-0.005875527858734131
15.2	0.863453	0.09821708762683694	-0.0068756937980651855
15.4	0.86215293	0.09919615039944685	-0.00687524676322937
15.6	0.8607029	0.10050128729968393	-0.0073750317096710205
15.8	0.8592029	0.10205566530661168	-0.007624626159667969
16.0	0.857653	0.10333913241878288	-0.0073750317096710205
16.2	0.8562529	0.10398767366735277	-0.007250308990478516
16.4	0.8547529	0.10526127618009484	-0.0077502429485321045
16.6	0.8531528	0.10675943191540598	-0.008750706911087036
16.8	0.8512526	0.10849394598451953	-0.009626001119613647
17.0	0.8493024	0.11013404903125372	-0.008875727653503418
17.2	0.8477023	0.11067840249589808	-0.008250772953033447
17.4	0.8460021	0.11242330158073588	-0.00937625765800476
17.6	0.8439518	0.11351606145061287	-0.00875040888786316
17.8	0.84250194	0.11403398069225329	-0.006624758243560791
18.0	0.8413019	0.11460501175126721	-0.007999837398529053
18.2	0.839302	0.11623471392500637	-0.008624941110610962
18.4	0.83785194	0.11693962640521202	-0.006999969482421875
18.6	0.836502	0.11812175403275735	-0.008250176906585693
18.8	0.8345519	0.11959847948436646	-0.009125173091888428
19.0	0.83285195	0.12115434906937166	-0.008750110864639282
19.2	0.8310518	0.12250875990258497	-0.00887557864189148
19.4	0.8293017	0.12367905514771438	-0.008500218391418457
19.6	0.82765174	0.12451094814418226	-0.008874982595443726
19.8	0.8257517	0.12555650631012577	-0.0077502429485321045
20.0	0.82455164	0.12629250269947667	-0.00787496566772461
20.2	0.82260174	0.12721728949861333	-0.008374303579330444
20.4	0.8212019	0.12806466655832596	-0.007374882698059082
20.6	0.8196518	0.12929182632894523	-0.009000152349472046
20.8	0.81760186	0.13053826597269363	-0.010375678539276123
21.0	0.8155015	0.13213534285379006	-0.00950053334236145
21.2	0.81380165	0.13271985100348055	-0.009499788284301758
21.4	0.8117016	0.13385854036765923	-0.010250061750411987
21.6	0.8097016	0.13539168651285036	-0.009749829769134521
21.8	0.80780166	0.1361218526079234	-0.010124742984771729
22.0	0.8056517	0.13749755010912248	-0.010250210762023926
22.2	0.8037016	0.13835211888940271	-0.009875744581222534
22.4	0.8017014	0.13970364632258866	-0.009875297546386719
22.6	0.79975146	0.14107599496335016	-0.009874552488327026
22.8	0.7977516	0.1427495580999496	-0.00912502408027649
23.0	0.79610145	0.14378730424629751	-0.0076258182525634766
23.2	0.7947013	0.14474774227249687	-0.008500218391418457
23.4	0.79270136	0.1457282023002527	-0.009125173091888428
23.6	0.7910512	0.1470455589496884	-0.008125156164169312
23.8	0.7894513	0.14827743054116282	-0.009750574827194214
24.0	0.787151	0.14903817132348665	-0.009375810623168945
24.2	0.785701	0.14950086605726667	-0.0077499449253082275
24.4	0.784051	0.1503266325404326	-0.008749961853027344
24.6	0.782201	0.15080835174886076	-0.009750127792358398
24.8	0.78015095	0.15199827783798883	-0.009499937295913696
25.0	0.778401	0.15319412196377993	-0.007625073194503784
25.2	0.7771009	0.15430680168994482	-0.00875040888786316
25.4	0.77490085	0.15514505801104173	-0.009500086307525635
25.6	0.7733009	0.15606764282016156	-0.008249729871749878
25.8	0.77160096	0.15722098815486188	-0.010624825954437256
26.0	0.76905096	0.15812841812277184	-0.012125372886657715
26.2	0.7667508	0.15928570742590922	-0.011375844478607178
26.4	0.7645006	0.15990543789821338	-0.011125504970550537
26.6	0.7623006	0.16083752423285924	-0.009249597787857056
26.8	0.7608008	0.16252187256191167	-0.007874667644500732
27.0	0.75915074	0.16324453038006592	-0.009749680757522583
27.2	0.7569009	0.1645824693957688	-0.011249929666519165
27.4	0.7546508	0.1658037290811689	-0.010126084089279175
27.6	0.7528505	0.1666714631717342	-0.008875727653503418
27.8	0.7511005	0.16767167050873796	-0.009999871253967285
28.0	0.7488505	0.16900052240066157	-0.010625720024108887
28.2	0.7468502	0.17003698599092626	-0.009500831365585327
28.4	0.7450502	0.17093272550129884	-0.011499673128128052
28.6	0.7422503	0.17238746081127096	-0.013499706983566284
28.8	0.7396503	0.17348019083652394	-0.01287505030632019
29.0	0.7371003	0.17506738483896178	-0.013250112533569336
29.2	0.73435026	0.1767274080533825	-0.012500137090682983
29.4	0.73210025	0.1773685126385483	-0.011875331401824951
29.6	0.72960013	0.17846243092501224	-0.011874735355377197
29.8	0.72735035	0.1794839180029997	-0.010999590158462524
30.0	0.7252003	0.1804991947188665	-0.011374801397323608
30.2	0.72280043	0.1814666892405879	-0.011249631643295288
30.4	0.72070044	0.18225396924974255	-0.009874552488327026
30.6	0.7188506	0.18283100645493755	-0.011374503374099731
30.8	0.71615064	0.18397466385190575	-0.011124908924102783
31.0	0.71440065	0.18458775524030605	-0.010499954223632812
31.2	0.71195066	0.18495863559716252	-0.011999905109405518
31.4	0.7096007	0.18612586953030502	-0.012625157833099365
31.6	0.7069006	0.18755636299566006	-0.013750046491622925
31.8	0.70410067	0.18848922789093533	-0.013124644756317139
32.0	0.70165074	0.189643815615781	-0.0107496976852417
32.2	0.6998008	0.18971019763880478	-0.010374486446380615
32.4	0.69750094	0.19099410801128452	-0.010000020265579224
32.6	0.6958008	0.19160469530641142	-0.010250359773635864
32.8	0.6934008	0.19257839683723013	-0.012374967336654663
33.0	0.6908508	0.19402004105981852	-0.012624859809875488
33.2	0.68835086	0.19552947669286547	-0.013125091791152954
33.4	0.68560076	0.19659002831498684	-0.013125240802764893
33.6	0.68310076	0.1969375249224766	-0.012625306844711304
33.8	0.68055063	0.19816456857119522	-0.01274988055229187
34.0	0.6780008	0.19897487113117016	-0.012999176979064941
34.2	0.67535096	0.20004968427080283	-0.013749450445175171
34.4	0.672501	0.20152853070573895	-0.011874735355377197
34.6	0.67060107	0.20265892220610845	-0.011874884366989136
34.8	0.6677511	0.20369692377609397	-0.014249831438064575
35.0	0.66490114	0.20427429914910833	-0.0135001540184021
35.2	0.662351	0.20506091018809722	-0.011500418186187744
35.4	0.66030097	0.2060070614160092	-0.010750293731689453
35.6	0.6580509	0.20726238645855924	-0.011375248432159424
35.8	0.6557509	0.20831331422804142	-0.01112520694732666
36.0	0.6536008	0.20881101358833348	-0.012249946594238281
36.2	0.6508509	0.20934845814118125	-0.01287505030632019
36.4	0.6484508	0.21019061989542623	-0.014125257730484009
36.6	0.6452008	0.21132193263379465	-0.013500005006790161
36.8	0.6430508	0.21185890752060302	-0.010250359773635864
37.0	0.64110065	0.21236946399758724	-0.010375231504440308
37.2	0.6389007	0.21324115264366444	-0.011875033378601074
37.4	0.63635063	0.21439724047275088	-0.013875067234039307
37.6	0.6333507	0.21486106383156758	-0.013500005006790161
37.8	0.6309506	0.21573037986748633	-0.011875182390213013
38.0	0.6286006	0.21654569797526974	-0.014125257730484009
38.2	0.6253005	0.21731292935727414	-0.013375282287597656
38.4	0.6232505	0.21837338852692975	-0.012125074863433838
38.6	0.6204505	0.21923571042597312	-0.014500170946121216
38.8	0.6174504	0.22015448355685482	-0.01399993896484375
39.0	0.6148505	0.221070071705448	-0.013374537229537964
39.2	0.6121006	0.22207788957391683	-0.01262471079826355
39.4	0.60980064	0.2228541203417877	-0.013125240802764893
39.6	0.6068505	0.22294747471078066	-0.014500319957733154
39.8	0.6040005	0.22396204793015775	-0.014999955892562866
40.0	0.6008505	0.2248261026201334	-0.014125257730484009
40.2	0.5983504	0.22551003694108532	-0.01412510871887207
40.4	0.5952005	0.22628954753148706	-0.013249814510345459
40.6	0.5930505	0.22680210923255764	-0.010500401258468628
40.8	0.5910003	0.22792323106745646	-0.011375397443771362
41.0	0.5885003	0.2287088744659584	-0.01274988055229187
41.2	0.58590037	0.22929498308356078	-0.011875182390213013
41.4	0.58375025	0.23006181076994844	-0.011999905109405518
41.6	0.5811004	0.23078732467181273	-0.012500137090682983
41.8	0.5787502	0.2308807847178374	-0.011375397443771362
42.0	0.57655025	0.23156553440230085	-0.01175016164779663
42.2	0.5740501	0.23235553930421599	-0.012875497341156006
42.4	0.57140005	0.23293140427709735	-0.012375414371490479
42.6	0.56909996	0.2333777819681029	-0.013125091791152954
42.8	0.56615	0.23392664808860775	-0.011875033378601074
43.0	0.56434995	0.23451348941012148	-0.010999590158462524
43.2	0.5617502	0.23505198729045668	-0.012624561786651611
43.4	0.5593001	0.23584636784650193	-0.01225009560585022
43.6	0.55685014	0.23680282261175872	-0.013249963521957397
43.8	0.55400014	0.23783187189344457	-0.013749897480010986
44.0	0.5513502	0.23818202452304044	-0.01362532377243042
44.2	0.54855	0.23825489869480831	-0.015500634908676147
44.4	0.5451499	0.23845120421700186	-0.015125274658203125
44.6	0.5424999	0.23815698456505902	-0.01462489366531372
44.8	0.53929996	0.23949010292887626	-0.01437455415725708
45.0	0.5367501	0.23997278378464146	-0.01337483525276184
45.2	0.53395003	0.24030167915623193	-0.0135001540184021
45.4	0.53135	0.2412979009514539	-0.012125074863433838
45.6	0.5291	0.24172957912324147	-0.011750012636184692
45.8	0.52665	0.24225457056957983	-0.012374520301818848
46.0	0.5241502	0.24293883392773102	-0.01199960708618164
46.2	0.52185017	0.2434133871810013	-0.012000054121017456
46.4	0.5193502	0.24375823487022913	-0.012499839067459106
46.6	0.51685023	0.24436361645713675	-0.013500452041625977
46.8	0.51395	0.24507732854433814	-0.013250410556793213
47.0	0.51155007	0.24571141003879365	-0.012749731540679932
47.2	0.5088501	0.2464430501950502	-0.01225009560585022
47.4	0.50665003	0.24701877860065805	-0.012874901294708252
47.6	0.50370014	0.2469743094870004	-0.012999922037124634
47.8	0.50145006	0.24757907232319973	-0.01287512481212616
48.0	0.4985501	0.24773049027852503	-0.015875548124313354
48.2	0.49509984	0.24861815986086763	-0.014375373721122742
48.4	0.49279994	0.2485621842088458	-0.011500045657157898
48.6	0.49049982	0.24944888917329813	-0.01300022006034851
48.8	0.48759985	0.2502123886425709	-0.012749731540679932
49.0	0.48539993	0.25016362324260727	-0.013499781489372253
49.2	0.48219994	0.2501562680992849	-0.015000179409980774
49.4	0.47939986	0.2506604067022351	-0.014250054955482483
49.6	0.47649992	0.25174937841016565	-0.013499781489372253
49.8	0.47399995	0.2518908463782359	-0.012249946594238281
50.0	0.47159994	0.2520782408894757	-0.01187540590763092
50.2	0.46924978	0.2522438049105668	-0.01237519085407257
50.4	0.46664986	0.25230988098755464	-0.013999566435813904
50.6	0.46364996	0.2523909191829426	-0.012749433517456055
50.8	0.4615501	0.25231745105320597	-0.011749640107154846
51.0	0.4589501	0.2524131476685167	-0.013875141739845276
51.2	0.45600003	0.2527825143067784	-0.011625364422798157
51.4	0.45429996	0.25261929554865237	-0.010000169277191162
51.6	0.45199996	0.25290511944833083	-0.011749714612960815
51.8	0.44960007	0.2530708203278264	-0.011999830603599548
52.0	0.44720003	0.25320379137754173	-0.012375116348266602
52.2	0.44465002	0.2532170560021636	-0.013375356793403625
52.4	0.4418499	0.2536652843009184	-0.013250187039375305
52.6	0.43934995	0.25414381045783707	-0.010624676942825317
52.8	0.43760002	0.25420707887557425	-0.009499788284301758
53.0	0.43555003	0.25435938440200523	-0.012874975800514221
53.2	0.43245003	0.25395766848458495	-0.013375058770179749
53.4	0.4302	0.2543874169612586	-0.012875422835350037
53.6	0.42729986	0.254449816072273	-0.013375505805015564
53.8	0.4248498	0.2539192320582289	-0.011874809861183167
54.0	0.42254993	0.2536907516487627	-0.012624040246009827
54.2	0.4198002	0.25370841137371	-0.012624263763427734
54.4	0.41750023	0.2539463524266347	-0.011750012636184692
54.6	0.4151002	0.2538444206685729	-0.012500211596488953
54.8	0.41250014	0.25465417513317257	-0.012875273823738098
55.0	0.40995008	0.25478127205322704	-0.013249963521957397
55.2	0.40720016	0.25474135716939567	-0.013375058770179749
55.4	0.40460005	0.25498791742655813	-0.013250112533569336
55.6	0.4019001	0.25484581421868774	-0.012249723076820374
55.8	0.39970016	0.2547153488478074	-0.010625049471855164
56.0	0.3976501	0.2548960115943541	-0.010125041007995605
56.2	0.39565015	0.2549187644262559	-0.009625032544136047
56.4	0.39380008	0.2548167163567919	-0.010375156998634338
56.6	0.3915001	0.25474055265446877	-0.009750202298164368
56.8	0.3899	0.25435799307660223	-0.011000111699104309
57.0	0.38710004	0.2542903638113759	-0.013624876737594604
57.2	0.38445005	0.25463836501206394	-0.014875158667564392
57.4	0.38114998	0.25452343109344355	-0.01400001347064972
57.6	0.37885004	0.25391962623117836	-0.010374858975410461
57.8	0.37700003	0.2540295241215512	-0.01037508249282837
58.0	0.3747	0.2538206239047969	-0.011500045657157898
58.2	0.37240002	0.25307753690782786	-0.012750029563903809
58.4	0.3696	0.253595818643007	-0.013500303030014038
58.6	0.3669999	0.25336929316205326	-0.012249946594238281
58.8	0.36470002	0.2529701749046384	-0.012374967336654663
59.0	0.3620499	0.25255157360756475	-0.012750551104545593
59.2	0.3595998	0.2522356827715345	-0.011000484228134155
59.4	0.3576497	0.2517617449822457	-0.01100003719329834
59.6	0.35519978	0.25148152940056023	-0.011124461889266968
59.8	0.35319993	0.25096764677153705	-0.012374669313430786
60.0	0.35024992	0.2505841901791683	-0.014000311493873596
60.2	0.3475998	0.2504580588325832	-0.0131254643201828
60.4	0.34499973	0.2500399951156065	-0.01149989664554596
60.6	0.34299985	0.2501819323015514	-0.009874925017356873
60.8	0.34104976	0.25003479083114083	-0.011250078678131104
61.0	0.3384998	0.24949498854720686	-0.012874826788902283
61.2	0.33589983	0.24918103683661885	-0.011375024914741516
61.4	0.3339498	0.24893753556528692	-0.009500235319137573
61.6	0.33209974	0.2487259316931573	-0.01087479293346405
61.8	0.3295999	0.2488952375907145	-0.0107496976852417
62.0	0.32779986	0.24912277898596188	-0.01162499189376831
62.2	0.3249499	0.2486965960437738	-0.012249723076820374
62.4	0.32289997	0.24831550395837163	-0.01012466847896576
62.6	0.32090002	0.24806892023489222	-0.010499954223632812
62.8	0.3187	0.24763947489107394	-0.01175016164779663
63.0	0.31619996	0.24747234011793812	-0.011624917387962341
63.2	0.31405002	0.24713376244151938	-0.010624676942825317
63.4	0.3119501	0.24678876942459288	-0.010124817490577698
63.6	0.3100001	0.2462417502679563	-0.010124742984771729
63.8	0.3079002	0.24599306731362172	-0.01087479293346405
64.0	0.30565017	0.24537843573897575	-0.009625107049942017
64.2	0.30405015	0.2450838568136326	-0.009000003337860107
64.4	0.30205017	0.2448434130638418	-0.009874776005744934
64.6	0.30010024	0.24482644861911723	-0.010749772191047668
64.8	0.29775026	0.2444942489269609	-0.011874809861183167
65.0	0.2953503	0.24407146097192037	-0.011374875903129578
65.2	0.2932003	0.24420024683733452	-0.010999664664268494
65.4	0.29095045	0.24378391693655838	-0.011499747633934021
65.6	0.28860041	0.24308443100794053	-0.010250434279441833
65.8	0.28685027	0.24258931994813998	-0.00912502408027649
66.0	0.2849504	0.24222096954312136	-0.009249523282051086
66.2	0.28315046	0.24168901107067128	-0.009749829769134521
66.4	0.28105047	0.24163691371374454	-0.0107496976852417
66.6	0.2788506	0.24133001884196698	-0.01024976372718811
66.8	0.27695057	0.24103152963963936	-0.007999986410140991
67.0	0.2756506	0.2405297863010372	-0.007750019431114197
67.2	0.27385056	0.24012221506014092	-0.00925019383430481
67.4	0.2719505	0.23975132524953258	-0.00875025987625122
67.6	0.27035046	0.23948565315255452	-0.008250325918197632
67.8	0.26865038	0.23895538968051602	-0.0086250901222229
68.0	0.26690042	0.2384730396714954	-0.010499879717826843
68.2	0.26445043	0.23777867470593783	-0.01099996268749237
68.4	0.26250044	0.23774724044683326	-0.009625107049942017
68.6	0.2606004	0.23720801115828485	-0.008000209927558899
68.8	0.25930035	0.2371782252278977	-0.007875040173530579
69.0	0.25745037	0.23633027323058575	-0.009374842047691345
69.2	0.2555504	0.23591671841396988	-0.010749772191047668
69.4	0.25315046	0.23482456912894525	-0.010749995708465576
69.6	0.25125042	0.233486484132299	-0.00887509435415268
69.8	0.24960043	0.23302326559074205	-0.009375102818012238
70.0	0.24750037	0.23259138488112122	-0.01137513667345047
70.2	0.24505037	0.23183614488552695	-0.011750124394893646
70.4	0.24280033	0.2308531140135355	-0.009250007569789886
70.6	0.24135037	0.23022310801433674	-0.00762496143579483
70.8	0.23975034	0.22997269275526794	-0.00912494957447052
71.0	0.23770039	0.22940947625293612	-0.008624866604804993
71.2	0.2363004	0.22911199828213313	-0.007875002920627594
71.4	0.23455039	0.2287767432498703	-0.009000003337860107
71.6	0.2327004	0.22816815693681602	-0.009250082075595856
71.8	0.23085035	0.2271580494349238	-0.009250082075595856
72.0	0.22900036	0.22666936459043724	-0.009874962270259857
72.2	0.22690037	0.22587915083977045	-0.009249970316886902
72.4	0.22530037	0.22546598505538173	-0.0077499449253082275
72.6	0.22380039	0.2245853065529423	-0.007999949157238007
72.8	0.22210039	0.22359917741458152	-0.007749982178211212
73.0	0.2207004	0.22331930518464538	-0.007000081241130829
73.2	0.21930036	0.2228172119088601	-0.00787496566772461
73.4	0.21755041	0.22249606612701409	-0.007749870419502258
73.6	0.21620041	0.22179395875117558	-0.008125118911266327
73.8	0.21430036	0.22139446685891898	-0.010125115513801575
74.0	0.21215037	0.2206011735959862	-0.009124912321567535
74.2	0.2106504	0.21966811198029504	-0.008749999105930328
74.4	0.20865037	0.21914077521063713	-0.010249987244606018
74.6	0.2065504	0.21837947702130883	-0.010124854743480682
74.8	0.20460042	0.21797669634858213	-0.00787496566772461
75.0	0.20340042	0.21718296086113506	-0.0063750892877578735
75.2	0.20205039	0.21677937544313713	-0.007875040173530579
75.4	0.2002504	0.21653507625382154	-0.00787496566772461
75.6	0.1989004	0.2164111598638138	-0.006624870002269745
75.8	0.19760045	0.215706375472583	-0.007624924182891846
76.0	0.19585043	0.21451171916630454	-0.008125156164169312
76.2	0.19435039	0.21404573667043253	-0.0071252137422561646
76.4	0.19300035	0.21337994268494784	-0.007125064730644226
76.6	0.19150037	0.2132199571225484	-0.006750002503395081
76.8	0.19030035	0.21245213595220083	-0.006874985992908478
77.0	0.18875037	0.21182760905333822	-0.008625052869319916
77.2	0.18685032	0.21111508539713644	-0.008625127375125885
77.4	0.18530032	0.21065115782472751	-0.008624941110610962
77.6	0.18340035	0.2096889165799264	-0.007999986410140991
77.8	0.18210033	0.20900858808349865	-0.00675007700920105
78.0	0.18070032	0.20862049673792032	-0.006750039756298065
78.2	0.17940031	0.2074382761259802	-0.007250048220157623
78.4	0.1778003	0.20704386020286197	-0.008625015616416931
78.6	0.1759503	0.20640760440104064	-0.007999949157238007
78.8	0.17460032	0.2058272129326814	-0.006999969482421875
79.0	0.17315032	0.20553972623470726	-0.005999952554702759
79.2	0.17220034	0.205249023254862	-0.005999952554702759
79.4	0.17075033	0.20417379592443521	-0.007875040173530579
79.6	0.16905032	0.20289060065691714	-0.007750093936920166
79.8	0.1676503	0.2026227501424615	-0.0064999982714653015
80.0	0.16645032	0.20152393750001027	-0.0056249648332595825
80.2	0.16540031	0.20076812071336037	-0.005875043570995331
80.4	0.1641003	0.1997403097221918	-0.007875002920627594
80.6	0.16225031	0.19886537459302173	-0.008374936878681183
80.8	0.16075033	0.19751439831088335	-0.007875002920627594
81.0	0.15910031	0.19679225446135165	-0.007625110447406769
81.2	0.15770029	0.1962669317584284	-0.005875155329704285
81.4	0.15675025	0.1957088040687276	-0.005500093102455139
81.6	0.15550025	0.19526840838450335	-0.006500110030174255
81.8	0.1541502	0.1945000740488114	-0.0062499940395355225
82.0	0.15300025	0.1938710946006667	-0.00512491911649704
82.2	0.15210024	0.19321125737366698	-0.006625056266784668
82.4	0.15035023	0.19190460852483357	-0.008749999105930328
82.6	0.14860024	0.19076960218327813	-0.006624981760978699
82.8	0.14770024	0.18999923340638925	-0.005624890327453613
83.0	0.14635028	0.1894839797168841	-0.00637497752904892
83.2	0.14515024	0.18904755322788586	-0.005375072360038757
83.4	0.14420025	0.18860370841916846	-0.006624944508075714
83.6	0.14250027	0.18709288832056828	-0.007500015199184418
83.8	0.14120024	0.18601763354953205	-0.006000064313411713
84.0	0.14010024	0.18501889098180083	-0.0061250850558280945
84.2	0.13875021	0.18389110518673563	-0.006375163793563843
84.4	0.13755018	0.18333711430497093	-0.006250143051147461
84.6	0.13625015	0.1826566138519459	-0.00650014728307724
84.8	0.13495012	0.1820192257276895	-0.00525008887052536
85.0	0.13415012	0.1810007652035148	-0.004875026643276215
85.2	0.1330001	0.18014160973799617	-0.006249956786632538
85.4	0.13165013	0.1791110729326211	-0.007124990224838257
85.6	0.13015011	0.17799853310961405	-0.00612504780292511
85.8	0.12920012	0.17734813515328537	-0.0057498738169670105
86.0	0.12785016	0.17594566368440753	-0.006124861538410187
86.2	0.12675017	0.17547631606626957	-0.005999952554702759
86.4	0.12545018	0.17424062856852207	-0.004999972879886627
86.6	0.12475018	0.17359417227043278	-0.005125105381011963
86.8	0.12340014	0.1724744596302035	-0.006875153630971909
87.0	0.12200012	0.17159836934086387	-0.005874987691640854
87.2	0.12105014	0.17128747146204248	-0.004874970763921738
87.4	0.12005013	0.1709254155248855	-0.004875026643276215
87.6	0.11910013	0.17041182318034676	-0.004750024527311325
87.8	0.11815012	0.16965576382580771	-0.00424996018409729
88.0	0.11740015	0.16918108486430114	-0.003999918699264526
88.2	0.116550155	0.16842980176336245	-0.004500057548284531
88.4	0.115600124	0.16765035344156334	-0.005625113844871521
88.6	0.11430011	0.16676483312885207	-0.006750039756298065
88.8	0.11290011	0.16561579120686606	-0.005999989807605743
89.0	0.11190011	0.16487386207500057	-0.004625003784894943
89.2	0.11105011	0.16445484890526918	-0.005250032991170883
89.4	0.1098001	0.1632757183069257	-0.00600004568696022
89.6	0.10865009	0.16245823365593143	-0.005125086754560471
89.8	0.107750066	0.16160890579355017	-0.0036250241100788116
90.0	0.10720008	0.1611463916411966	-0.0033749453723430634
90.2	0.10640009	0.160651925117857	-0.004875026643276215
90.4	0.10525007	0.1602964080680217	-0.004999972879886627
90.6	0.1044001	0.15992385769564374	-0.004374925047159195
90.8	0.1035001	0.158989780038584	-0.0041250139474868774
91.0	0.10275009	0.15806624467931943	-0.004500020295381546
91.2	0.10170009	0.15716905024794975	-0.005000028759241104
91.4	0.10075008	0.15640312330310224	-0.005000010132789612
91.6	0.099700086	0.15561140563902398	-0.005499981343746185
91.8	0.09855009	0.15459753658380448	-0.004500038921833038
92.0	0.09790007	0.15411226376024253	-0.003500077873468399
92.2	0.09715006	0.15350692979329467	-0.0038750283420085907
92.4	0.09635006	0.1529842381403336	-0.005375053733587265
92.6	0.095000036	0.15218410184692463	-0.004875026643276215
92.8	0.09440005	0.15152108843293133	-0.0037499703466892242
93.0	0.09350005	0.15095612096536187	-0.004375036805868149
93.2	0.09265003	0.1503112682509159	-0.004250016063451767
93.4	0.09180004	0.14987581779117595	-0.003999974578619003
93.6	0.09105004	0.14880321973623756	-0.002750009298324585
93.8	0.09070004	0.14825151169880782	-0.0025000236928462982
94.0	0.090050034	0.14764314082432128	-0.0032499991357326508
94.2	0.08940004	0.147284213555592	-0.0034999847412109375
94.4	0.08865004	0.14662427154628047	-0.00412503257393837
94.6	0.087750025	0.14607339975005537	-0.0041250139474868774
94.8	0.087000035	0.14550257824817006	-0.0041250139474868774
95.0	0.08610002	0.14502341109093156	-0.0040001049637794495
95.2	0.08539999	0.14469568258763377	-0.0035000592470169067
95.4	0.084699996	0.14380859004522178	-0.003375038504600525
95.6	0.08404998	0.1432588470733792	-0.004249997437000275
95.8	0.083	0.1421653947420058	-0.004499964416027069
96.0	0.08224999	0.1416595814353608	-0.003625042736530304
96.2	0.08154998	0.14103934663343548	-0.0036250054836273193
96.4	0.08079999	0.1406106664379541	-0.004124976694583893
96.6	0.07989999	0.14005709641328207	-0.004750043153762817
96.8	0.07889997	0.13933696383840716	-0.003750063478946686
97.0	0.07839996	0.13915258000361538	-0.002750065177679062
97.2	0.077799946	0.13873413470050427	-0.0028750672936439514
97.4	0.07724994	0.13836523050074953	-0.004000011831521988
97.6	0.07619994	0.13721719822421585	-0.004124995321035385
97.8	0.07559994	0.1366551874218295	-0.0030000321567058563
98.0	0.07499993	0.1360330843787746	-0.0036250799894332886
98.2	0.07414991	0.13494175626398164	-0.004250034689903259
98.4	0.073299915	0.13409739106269955	-0.0041249580681324005
98.6	0.07249992	0.1338235765566577	-0.0034999847412109375
98.8	0.07189992	0.13364277109902034	-0.0036250054836273193
99.0	0.07104992	0.13277573980255894	-0.004125051200389862
99.2	0.0702499	0.1320319547313399	-0.003875046968460083
99.4	0.0694999	0.13091886660985835	-0.0033750198781490326
99.6	0.06889989	0.13043308723297536	-0.003000013530254364
99.8	0.0682999	0.13003888036580707	-0.002750009298324585
100.0	0.06779989	0.12954983661809968	-0.002875048667192459
100.2	0.06714988	0.12920285396772135	-0.0031250156462192535
100.4	0.06654988	0.12883554262213823	-0.003750007599592209
100.6	0.065649875	0.12824811048288903	-0.00412503257393837
100.8	0.06489987	0.12727132549488326	-0.0027499906718730927
101.0	0.06454988	0.12690861986667634	-0.0027499720454216003
101.2	0.06379988	0.12660789902124145	-0.0033750012516975403
101.4	0.06319988	0.12645457635908117	-0.0027499906718730927
101.6	0.062699884	0.12618918182930353	-0.001874975860118866
101.8	0.062449887	0.12610510609411843	-0.0027499906718730927
102.0	0.061599888	0.12486168189618432	-0.0034999940544366837
102.2	0.06104989	0.12409833905049368	-0.0028750021010637283
102.4	0.060449887	0.1232408088716889	-0.004124995321035385
102.6	0.05939989	0.1219288293451156	-0.003624996170401573
102.8	0.05899989	0.12111564541175204	-0.001750001683831215
103.0	0.05869989	0.12078621436644107	-0.0016249995678663254
103.2	0.05834989	0.12048973949257065	-0.002749999985098839
103.4	0.05759989	0.12005098749253298	-0.0033750012516975403
103.6	0.05699989	0.1195031388555781	-0.0029999949038028717
103.8	0.056399893	0.11903377795982815	-0.0024999678134918213
104.0	0.0559999	0.11867603038739384	-0.0024999864399433136
104.2	0.0553999	0.11777453138308695	-0.002374984323978424
104.4	0.055049907	0.11735415562173336	-0.0023749563843011856
104.6	0.054449916	0.11639457649822844	-0.0024999864399433136
104.8	0.054049913	0.11543871837743032	-0.002500005066394806
105.0	0.053449914	0.1146760530205047	-0.0021250173449516296
105.2	0.053199906	0.11447602402841323	-0.001375041902065277
105.4	0.052899897	0.1140245147620707	-0.0016250181943178177
105.6	0.0525499	0.11356054526611481	-0.0024999771267175674
105.8	0.051899906	0.11303269321949497	-0.0024999771267175674
106.0	0.051549908	0.11260593787275879	-0.0018749944865703583
106.2	0.05114991	0.11254411432365082	-0.002874992787837982
106.4	0.05039991	0.11106232616832773	-0.0028750114142894745
106.6	0.049999904	0.11038568918033101	-0.002250019460916519
106.8	0.049499903	0.10977135219936494	-0.002000005915760994
107.0	0.0491999	0.10929025604163185	-0.0014999881386756897
107.2	0.048899908	0.10901279755783849	-0.0022499822080135345
107.4	0.04829991	0.10847631070084299	-0.0029999855905771255
107.6	0.047699913	0.10823451271935747	-0.0031249970197677612
107.8	0.04704991	0.10767449789442497	-0.0026249978691339493
108.0	0.046649914	0.10703400122869224	-0.0017499737441539764
108.2	0.04634992	0.10688394331159681	-0.0018749944865703583
108.4	0.045899916	0.10641047713400599	-0.0026250164955854416
108.6	0.045299914	0.1057019880505252	-0.002500014379620552
108.8	0.04489991	0.10501899821617541	-0.002124989405274391
109.0	0.044449918	0.10445907001275109	-0.0022499822080135345
109.2	0.043999918	0.10406248275334702	-0.0024999957531690598
109.4	0.04344992	0.10334213801669945	-0.002624988555908203
109.6	0.042949922	0.10199410658535149	-0.002124980092048645
109.8	0.042599928	0.10129284486748694	-0.0017499737441539764
110.0	0.042249933	0.10093283812141232	-0.0022499728947877884
110.2	0.04169994	0.10070307776233021	-0.002250000834465027
110.4	0.041349933	0.10033781655812067	-0.0015000160783529282
110.6	0.041099932	0.09980375896081739	-0.0012499932199716568
110.8	0.040849935	0.09949260222536908	-0.0013749953359365463
111.0	0.040549934	0.09883419290368439	-0.0024999864399433136
111.2	0.03984994	0.0972855477847265	-0.002374984323978424
111.4	0.03959994	0.09698886485922853	-0.0017499923706054688
111.6	0.039149944	0.09664252593781879	-0.002124980092048645
111.8	0.03874995	0.09615580013424178	-0.0013749860227108002
112.0	0.03859995	0.09607309785171632	-0.001500006765127182
112.2	0.038149945	0.09516867879438319	-0.0018750224262475967
112.4	0.03784994	0.09486768430298971	-0.002250000834465027
112.6	0.037249945	0.09412724202067947	-0.003124978393316269
112.8	0.03659995	0.09330294912056164	-0.0024999771267175674
113.0	0.036249954	0.09305072607775795	-0.0018749944865703583
113.2	0.03584995	0.09226200574745091	-0.0026249978691339493
113.4	0.035199955	0.09130148049493418	-0.002624988555908203
113.6	0.034799956	0.08999422293065124	-0.0016249902546405792
113.8	0.03454996	0.08963145515655316	-0.001999996602535248
114.0	0.033999957	0.08884818497168448	-0.0021249987185001373
114.2	0.03369996	0.08822873820019712	-0.001999996602535248
114.4	0.03319996	0.0875086274564913	-0.0018749944865703583
114.6	0.03294996	0.08733153768776036	-0.0017499830573797226
114.8	0.032499965	0.08699856298675998	-0.002124970778822899
115.0	0.032099973	0.08685960093734817	-0.0018749944865703583
115.2	0.031749967	0.08572886145153041	-0.001500006765127182
115.4	0.03149997	0.0856898469935267	-0.0016249902546405792
115.6	0.031099971	0.08495757734193041	-0.0023749936372041702
115.8	0.030549973	0.08428640194931894	-0.0016249949112534523
116.0	0.030449973	0.08402557544899522	-0.0011249911040067673
116.2	0.030099977	0.08365996565112636	-0.0018749898299574852
116.4	0.029699977	0.08311383738976932	-0.002500005066394806
116.6	0.029099975	0.08199506020188585	-0.0023750029504299164
116.8	0.028749976	0.08106131861184818	-0.0014999881386756897
117.0	0.02849998	0.08091816913284114	-0.0011249957606196404
117.2	0.028299978	0.0804929182596098	-0.0011250050738453865
117.4	0.028049977	0.08009804837814251	-0.0012499978765845299
117.6	0.027799979	0.07991971067011175	-0.0013749953359365463
117.8	0.02749998	0.07942764101476607	-0.002000001259148121
118.0	0.026999978	0.07890500757632352	-0.001500002108514309
118.2	0.026899979	0.07878064437210898	-8.749961853027344E-4
118.4	0.02664998	0.07850017656486781	-0.0012499978765845299
118.6	0.02639998	0.07824985734746194	-0.0011250004172325134
118.8	0.02619998	0.07770817179551628	-6.249966099858284E-4
119.0	0.02614998	0.07770892743919287	-8.749961853027344E-4
119.2	0.025849981	0.07703426146189364	-0.001750001683831215
119.4	0.02544998	0.07667983656586067	-0.0013750046491622925
119.6	0.02529998	0.07651738479992634	-8.749961853027344E-4
119.8	0.025099982	0.07609198277695435	-9.999936446547508E-4
120.0	0.024899982	0.07596045098117273	-0.0013749953359365463
120.2	0.024549983	0.07559628035127854	-0.0014999927952885628
120.4	0.024299985	0.07549510006871275	-0.0013749953359365463
120.6	0.023999985	0.07502666142135221	-0.0016249855980277061
120.8	0.02364999	0.07458671123897266	-0.0017499830573797226
121.0	0.023299992	0.07366892138954124	-0.0011249957606196404
121.2	0.023199992	0.0735646658780067	-6.250012665987015E-4
121.4	0.023049992	0.07352684798928699	-8.750008419156075E-4
121.6	0.022849992	0.07335105720775108	-9.999889880418777E-4
121.8	0.022649996	0.0732767177290753	-7.499894127249718E-4
122.0	0.022549996	0.07327344380210925	-5.000084638595581E-4
122.2	0.022449993	0.07303079910190861	-6.250059232115746E-4
122.4	0.022299994	0.07271664080181899	-6.249966099858284E-4
122.6	0.022199994	0.07260964197506949	-9.99998301267624E-4
122.8	0.021899994	0.07235599425190449	-9.99998301267624E-4
123.0	0.021799995	0.07155249967081892	-9.99998301267624E-4
123.2	0.021499995	0.07080077779740951	-0.0011250004172325134
123.4	0.021349994	0.07075788124013838	-0.0011250050738453865
123.6	0.021049993	0.07056484737476443	-0.0013750046491622925
123.8	0.020799993	0.0697306245178815	-0.0012499885633587837
124.0	0.020549998	0.06917512135342016	-9.999889880418777E-4
124.2	0.020399997	0.06891182825196919	-8.749961853027344E-4
124.4	0.0202	0.06875289020818709	-9.999936446547508E-4
124.6	0.02	0.06848357595899723	-7.50003382563591E-4
124.8	0.019899998	0.0682201573059351	-7.50003382563591E-4
125.0	0.019699998	0.0680948612344587	-7.499940693378448E-4
125.2	0.0196	0.06805027713461324	-8.749961853027344E-4
125.4	0.01935	0.06729099204033225	-0.0011250004172325134
125.6	0.01915	0.06719953430335611	-9.99998301267624E-4
125.8	0.01895	0.06647102916699987	-0.0011249864473938942
126.0	0.018700005	0.06584307180097629	-0.0012499885633587837
126.2	0.018450005	0.06536128431563995	-0.00100000761449337
126.4	0.018300002	0.06461509237144875	-8.750054985284805E-4
126.6	0.018100003	0.0639717898021548	-8.749961853027344E-4
126.8	0.017950004	0.0636812189922206	-9.999889880418777E-4
127.0	0.017700007	0.06365304402386891	-9.999936446547508E-4
127.2	0.017550007	0.06308326033529907	-8.749961853027344E-4
127.4	0.017350009	0.06301966017958045	-6.249966099858284E-4
127.6	0.017300008	0.0628546742010999	-2.5000423192977905E-4
127.8	0.017250007	0.06280873909695477	-6.250012665987015E-4
128.0	0.017050007	0.062384272451254476	-4.99999150633812E-4
128.2	0.017050007	0.062384272451254476	-6.249966099858284E-4
128.4	0.016800009	0.06186889507975389	-8.749961853027344E-4
128.6	0.016700009	0.06112372633086822	-5.00003807246685E-4
128.8	0.016600007	0.060575902341844394	-6.249966099858284E-4
129.0	0.01645001	0.060472288180589404	-0.0012499839067459106
129.2	0.016100014	0.059588506562441516	-0.0012499932199716568
129.4	0.015950013	0.059481908837270496	-8.750054985284805E-4
129.6	0.015750011	0.05911376900732632	-7.50003382563591E-4
129.8	0.015650012	0.05901336684786789	-8.749985136091709E-4
130.0	0.015400012	0.058718311926314014	-0.0012500002048909664
130.2	0.0151500115	0.058506218255273024	-8.75003170222044E-4
130.4	0.015050011	0.058403746570010795	-7.500010542571545E-4
130.6	0.014850011	0.05772328449100473	-4.99999150633812E-4
130.8	0.014850011	0.05772328449100473	-3.750016912817955E-4
131.0	0.01470001	0.057392597149076095	-0.00112500274553895
131.2	0.01440001	0.05720699403516689	-0.0012500002048909664
131.4	0.01420001	0.05690658984643683	-4.99999150633812E-4
131.6	0.01420001	0.05690658984643683	-5.000014789402485E-4
131.8	0.01400001	0.0566480375435473	-8.750008419156075E-4
132.0	0.01385001	0.05604174788312718	-8.749985136091709E-4
132.2	0.01365001	0.05582273386552583	-0.00112500274553895
132.4	0.013400009	0.054958530182088	-6.25003594905138E-4
132.6	0.013400009	0.054958530182088	-6.249989382922649E-4
132.8	0.013150009	0.05421787007949043	-6.249989382922649E-4
133.0	0.013150009	0.05421787007949043	-3.750016912817955E-4
133.2	0.013000009	0.05344155671885429	-5.000014789402485E-4
133.4	0.012950009	0.053289751411512834	-2.500019036233425E-4
133.6	0.012900008	0.05327842062002861	-2.49999575316906E-4
133.8	0.012850009	0.053220086491940606	-4.99999150633812E-4
134.0	0.012700008	0.052570998994575326	-6.249989382922649E-4
134.2	0.012600009	0.0522134089184434	-3.7499936297535896E-4
134.4	0.0125500085	0.052201509268130844	-6.250012665987015E-4
134.6	0.012350009	0.05172018395718133	-6.249989382922649E-4
134.8	0.012300009	0.05161114149614066	-3.7499936297535896E-4
135.0	0.012200009	0.0514408403994168	-6.250012665987015E-4
135.2	0.012050008	0.05120837266269241	-5.000014789402485E-4
135.4	0.0120000085	0.050705028843000204	-6.249966099858284E-4
135.6	0.01180001	0.04970674092998605	-7.499940693378448E-4
135.8	0.011700011	0.04947837910473591	-6.249942816793919E-4
136.0	0.011550012	0.049285876030957604	-7.499963976442814E-4
136.2	0.011400012	0.04919390341846858	-5.00003807246685E-4
136.4	0.0113500105	0.04918005164264121	-3.7500401958823204E-4
136.6	0.011250011	0.048640903567043856	-3.749970346689224E-4
136.8	0.011200012	0.048575302843938635	-4.99999150633812E-4
137.0	0.011050011	0.04791030732700193	-7.50003382563591E-4
137.2	0.01090001	0.04765700339474268	-5.00003807246685E-4
137.4	0.0108500095	0.047589678341742915	-3.750016912817955E-4
137.6	0.01075001	0.04745458445457334	-6.249989382922649E-4
137.8	0.01060001	0.047250819732146704	-6.249989382922649E-4
138.0	0.01050001	0.047220228584698154	-7.50003382563591E-4
138.2	0.010300009	0.046678796965044074	-5.00003807246685E-4
138.4	0.010300009	0.046678796965044074	-2.49999575316906E-4
138.6	0.010200009	0.046162321492447124	-6.250012665987015E-4
138.8	0.010050008	0.0456234320712752	-8.75003170222044E-4
139.0	0.0098500075	0.045337374251009234	-5.000014789402485E-4
139.2	0.0098500075	0.045337374251009234	-1.24999787658453E-4
139.4	0.009800008	0.045265439272675054	-5.000014789402485E-4
139.6	0.009650007	0.04515946838312164	-7.50003382563591E-4
139.8	0.009500006	0.045052746609829684	-7.500010542571545E-4
140.0	0.0093500065	0.044498062611676714	-6.250012665987015E-4
140.2	0.009250006	0.04332363744109453	-2.500019036233425E-4
140.4	0.009250006	0.04332363744109453	-3.7499936297535896E-4
140.6	0.009100006	0.04262851083684523	-3.7499936297535896E-4
140.8	0.009100006	0.04262851083684523	-2.49999575316906E-4
141.0	0.009000006	0.04182104832009388	-6.249989382922649E-4
141.2	0.008850006	0.04164345824930143	-6.250012665987015E-4
141.4	0.008750006	0.04154440457709288	-4.99999150633812E-4
141.6	0.008650007	0.04144487380681503	-6.249966099858284E-4
141.8	0.008500007	0.04059248768463209	-3.7499936297535896E-4
142.0	0.008500007	0.04059248768463209	-3.7500401958823204E-4
142.2	0.008350005	0.040034704018854034	-8.750008419156075E-4
142.4	0.008150007	0.03938372188793695	-9.99998301267624E-4
142.6	0.007950006	0.038591417851747294	-7.500010542571545E-4
142.8	0.007850006	0.03841715217148051	-3.7500052712857723E-4
143.0	0.007800006	0.03826434410235765	-3.7500285543501377E-4
143.2	0.007700005	0.038088187631573386	-3.7500285543501377E-4
143.4	0.0076500047	0.037933856571636865	-4.999979864805937E-4
143.6	0.007500006	0.037732613100606535	-4.999968223273754E-4
143.8	0.007450006	0.03764302769313157	-5.000014789402485E-4
144.0	0.0073000053	0.03750613256106029	-6.250012665987015E-4
144.2	0.0072000055	0.03719085975906187	-2.49999575316906E-4
144.4	0.0072000055	0.03719085975906187	0.0
144.6	0.0072000055	0.03719085975906187	-5.000014789402485E-4
144.8	0.007000005	0.037094474455848674	-5.000014789402485E-4
145.0	0.007000005	0.037094474455848674	-2.5000073947012424E-4
145.2	0.0069000046	0.037045782554176766	-5.000026430934668E-4
145.4	0.006800004	0.03699675742196174	-5.000026430934668E-4
145.6	0.0067000035	0.03687966959977409	-3.749981988221407E-4
145.8	0.0066500045	0.03685481666311835	-6.249989382922649E-4
146.0	0.006450004	0.03571970832645613	-6.250012665987015E-4
146.2	0.006400004	0.03569369824017005	-2.49999575316906E-4
146.4	0.006350004	0.035667597860698695	-2.49999575316906E-4
146.6	0.006300004	0.03564140854188369	-3.750016912817955E-4
146.8	0.0062000034	0.03502227868135369	-5.000003147870302E-4
147.0	0.006100004	0.034825135719693805	-2.499984111636877E-4
147.2	0.006100004	0.034825135719693805	-3.750016912817955E-4
147.4	0.0059500034	0.033942563149851716	-6.250024307519197E-4
147.6	0.005850003	0.03373836855756359	-2.5000073947012424E-4
147.8	0.005850003	0.03373836855756359	-2.49999575316906E-4
148.0	0.0057500033	0.03353263447185015	-3.7499936297535896E-4
148.2	0.0057000034	0.03350388195455952	-2.49999575316906E-4
148.4	0.0056500034	0.03340026289965005	-1.24999787658453E-4
148.6	0.0056500034	0.03340026289965005	0.0
148.8	0.0056500034	0.03340026289965005	0.0
149.0	0.0056500034	0.03340026289965005	0.0
149.2	0.0056500034	0.03340026289965005	-5.000003147870302E-4
149.4	0.0054500033	0.033057488249744034	-5.000003147870302E-4
149.6	0.0054500033	0.033057488249744034	0.0
149.8	0.0054500033	0.033057488249744034	0.0
150.0	0.0054500033	0.033057488249744034	-1.2500095181167126E-4
150.2	0.005400003	0.03302786809073966	-1.2500095181167126E-4
150.4	0.005400003	0.03302786809073966	0.0
150.6	0.005400003	0.03302786809073966	-2.5000073947012424E-4
150.8	0.0053000026	0.032968318827044	-2.5000073947012424E-4
151.0	0.0053000026	0.032968318827044	-1.2500095181167126E-4
151.2	0.0052500023	0.032556682364330354	-1.2500095181167126E-4
151.4	0.0052500023	0.032556682364330354	0.0
151.6	0.0052500023	0.032556682364330354	-1.24999787658453E-4
151.8	0.0052000023	0.032526297548844584	-1.24999787658453E-4
152.0	0.0052000023	0.032526297548844584	-1.2500211596488953E-4
152.2	0.0051500015	0.032418783967908496	-1.2500211596488953E-4
152.4	0.0051500015	0.032418783967908496	-1.2500095181167126E-4
152.6	0.005100001	0.03238811545247801	-3.750016912817955E-4
152.8	0.005000001	0.032249032329429224	-5.000003147870302E-4
153.0	0.004900001	0.03132076054562965	-7.499998901039362E-4
153.2	0.004700001	0.031111252273438156	-7.500010542571545E-4
153.4	0.0046000006	0.031045773859939115	-2.5000073947012424E-4
153.6	0.0046000006	0.031045773859939115	0.0
153.8	0.0046000006	0.031045773859939115	0.0
154.0	0.0046000006	0.031045773859939115	-2.500030677765608E-4
154.2	0.0044999993	0.030409703282869932	-2.500030677765608E-4
154.4	0.0044999993	0.030409703282869932	0.0
154.6	0.0044999993	0.030409703282869932	-1.24999787658453E-4
154.8	0.0044499994	0.03029352271637537	-2.5000073947012424E-4
155.0	0.004399999	0.030259544530634327	-2.5000073947012424E-4
155.2	0.004349999	0.029386688950055202	-1.24999787658453E-4
155.4	0.004349999	0.029386688950055202	-2.5000073947012424E-4
155.6	0.004249999	0.029316165139845314	-2.5000073947012424E-4
155.8	0.004249999	0.029316165139845314	-1.24999787658453E-4
156.0	0.004199999	0.028501929183026478	-2.49999575316906E-4
156.2	0.004149999	0.028111874490820702	-1.24999787658453E-4
156.4	0.004149999	0.028111874490820702	-1.24999787658453E-4
156.6	0.004099999	0.02807472215532949	-3.7500052712857723E-4
156.8	0.003999999	0.027367864050739748	-2.5000073947012424E-4
157.0	0.003999999	0.027367864050739748	-1.24999787658453E-4
157.2	0.003949999	0.027145855822455246	-1.24999787658453E-4
157.4	0.003949999	0.027145855822455246	-1.24999787658453E-4
157.6	0.003899999	0.027014625906475673	-1.24999787658453E-4
157.8	0.003899999	0.027014625906475673	-2.5000073947012424E-4
158.0	0.0037999987	0.026468093424819056	-2.5000073947012424E-4
158.2	0.0037999987	0.026468093424819056	-1.24999787658453E-4
158.4	0.0037499988	0.026427968020390658	-1.24999787658453E-4
158.6	0.0037499988	0.026427968020390658	0.0
158.8	0.0037499988	0.026427968020390658	-1.24999787658453E-4
159.0	0.0036999988	0.025812981536047795	-3.7499936297535896E-4
159.2	0.003599999	0.02514040547037527	-4.999997327104211E-4
159.4	0.003499999	0.02505493984592626	-2.500001573935151E-4
159.6	0.003499999	0.02505493984592626	-1.24999787658453E-4
159.8	0.003449999	0.0250119464660228	-1.24999787658453E-4
160.0	0.003449999	0.0250119464660228	-1.24999787658453E-4
160.2	0.003399999	0.024968780491579096	-2.49999575316906E-4
160.4	0.0033499992	0.024520960287015725	-4.999997327104211E-4
160.6	0.0031999992	0.02407820614441495	-3.749999450519681E-4
160.8	0.0031999992	0.02407820614441495	0.0
161.0	0.0031999992	0.02407820614441495	-4.999997327104211E-4
161.2	0.0029999993	0.02260530935125028	-6.249995203688741E-4
161.4	0.0029499994	0.02176688973315358	-1.24999787658453E-4
161.6	0.0029499994	0.02176688973315358	0.0
161.8	0.0029499994	0.02176688973315358	0.0
162.0	0.0029499994	0.02176688973315358	-1.2500036973506212E-4
162.2	0.0028999993	0.021014042734608756	-2.500001573935151E-4
162.4	0.0028499993	0.020961333928060644	-2.500001573935151E-4
162.6	0.0027999992	0.020667849892664597	-1.2500036973506212E-4
162.8	0.0027999992	0.020667849892664597	0.0
163.0	0.0027999992	0.020667849892664597	-2.49999575316906E-4
163.2	0.0026999994	0.02043795491112351	-3.7499936297535896E-4
163.4	0.0026499995	0.01963358186879675	-5.000003147870302E-4
163.6	0.0024999992	0.018940697707854146	-3.7500052712857723E-4
163.8	0.0024999992	0.018940697707854146	0.0
164.0	0.0024999992	0.018940697707854146	-2.49999575316906E-4
164.2	0.0023999994	0.01882126489850242	-3.7499936297535896E-4
164.4	0.0023499995	0.01808251941842901	-2.500001573935151E-4
164.6	0.0022999994	0.017598580346325443	-1.2500036973506212E-4
164.8	0.0022999994	0.017598580346325443	0.0
165.0	0.0022999994	0.017598580346325443	0.0
165.2	0.0022999994	0.017598580346325443	-1.2500036973506212E-4
165.4	0.0022499992	0.01753389622397865	-1.2500036973506212E-4
165.6	0.0022499992	0.01753389622397865	0.0
165.8	0.0022499992	0.01753389622397865	0.0
166.0	0.0022499992	0.01753389622397865	-1.24999787658453E-4
166.2	0.0021999993	0.017468829978149053	-1.24999787658453E-4
166.4	0.0021999993	0.017468829978149053	-1.24999787658453E-4
166.6	0.0021499994	0.017403376566028705	-1.24999787658453E-4
166.8	0.0021499994	0.017403376566028705	0.0
167.0	0.0021499994	0.017403376566028705	-1.24999787658453E-4
167.2	0.0020999995	0.016600903458657734	-2.49999575316906E-4
167.4	0.0020499995	0.01653171224379836	-1.24999787658453E-4
167.6	0.0020499995	0.01653171224379836	0.0
167.8	0.0020499995	0.01653171224379836	0.0
168.0	0.0020499995	0.01653171224379836	-1.2500036973506212E-4
168.2	0.0019999994	0.01599999989382936	-2.500004484318197E-4
168.4	0.0019499994	0.01592788485460857	-2.500001573935151E-4
168.6	0.0018999993	0.015536730726325741	-3.7499936297535896E-4
168.8	0.0017999996	0.015058552439693278	-2.499992842786014E-4
169.0	0.0017999996	0.015058552439693278	0.0
169.2	0.0017999996	0.015058552439693278	0.0
169.4	0.0017999996	0.015058552439693278	0.0
169.6	0.0017999996	0.015058552439693278	-1.2500007869675756E-4
169.8	0.0017499996	0.014298164802756681	-1.2500007869675756E-4
170.0	0.0017499996	0.014298164802756681	-1.24999787658453E-4
170.2	0.0016999997	0.013494814187671263	-1.24999787658453E-4
170.4	0.0016999997	0.013494814187671263	-2.49999575316906E-4
170.6	0.0015999998	0.012745195595694002	-2.49999575316906E-4
170.8	0.0015999998	0.012745195595694002	0.0
171.0	0.0015999998	0.012745195595694002	0.0
171.2	0.0015999998	0.012745195595694002	0.0
171.4	0.0015999998	0.012745195595694002	0.0
171.6	0.0015999998	0.012745195595694002	0.0
171.8	0.0015999998	0.012745195595694002	-1.2500036973506212E-4
172.0	0.0015499997	0.012652964211798253	-1.2500036973506212E-4
172.2	0.0015499997	0.012652964211798253	0.0
172.4	0.0015499997	0.012652964211798253	-1.24999787658453E-4
172.6	0.0014999998	0.012559857193511338	-1.24999787658453E-4
172.8	0.0014999998	0.012559857193511338	-1.2500036973506212E-4
173.0	0.0014499996	0.012263666074242327	-1.2500036973506212E-4
173.2	0.0014499996	0.012263666074242327	-1.2500007869675756E-4
173.4	0.0013999996	0.011959933628166766	-2.49999575316906E-4
173.6	0.0013499998	0.011860754852163568	-1.2499949662014842E-4
173.8	0.0013499998	0.011860754852163568	0.0
174.0	0.0013499998	0.011860754852163568	0.0
174.2	0.0013499998	0.011860754852163568	-1.24999787658453E-4
174.4	0.0012999999	0.011760527132423166	-1.24999787658453E-4
174.6	0.0012999999	0.011760527132423166	-1.2500007869675756E-4
174.8	0.0012499999	0.011222188224432788	-2.4999986635521054E-4
175.0	0.0011999999	0.010419213014990783	-2.49999575316906E-4
175.2	0.00115	0.010304247120029574	-1.24999787658453E-4
175.4	0.00115	0.010304247120029574	-1.2500007869675756E-4
175.6	0.0011	0.01018773791526095	-2.4999986635521054E-4
175.8	0.0010500001	0.009560204370979108	-1.24999787658453E-4
176.0	0.0010500001	0.009560204370979108	-1.24999787658453E-4
176.2	0.0010000002	0.00943398138912333	-1.24999787658453E-4
176.4	0.0010000002	0.00943398138912333	0.0
176.6	0.0010000002	0.00943398138912333	-1.2500007869675756E-4
176.8	9.5000013E-4	0.008751999980089048	-1.2500007869675756E-4
177.0	9.5000013E-4	0.008751999980089048	0.0
177.2	9.5000013E-4	0.008751999980089048	0.0
177.4	9.5000013E-4	0.008751999980089048	-1.2500007869675756E-4
177.6	9.000001E-4	0.008318052822606769	-1.2500007869675756E-4
177.8	9.000001E-4	0.008318052822606769	0.0
178.0	9.000001E-4	0.008318052822606769	0.0
178.2	9.000001E-4	0.008318052822606769	0.0
178.4	9.000001E-4	0.008318052822606769	0.0
178.6	9.000001E-4	0.008318052822606769	0.0
178.8	9.000001E-4	0.008318052822606769	0.0
179.0	9.000001E-4	0.008318052822606769	-1.2500007869675756E-4
179.2	8.5000007E-4	0.00817175023208218	-1.2500007869675756E-4
179.4	8.5000007E-4	0.00817175023208218	0.0
179.6	8.5000007E-4	0.00817175023208218	0.0
179.8	8.5000007E-4	0.00817175023208218	0.0
180.0	8.5000007E-4	0.00817175023208218	-1.2499993317760527E-4
180.2	8.000001E-4	0.008022468780249046	-1.2499993317760527E-4
180.4	8.000001E-4	0.008022468780249046	0.0
180.6	8.000001E-4	0.008022468780249046	-1.2500007869675756E-4
180.8	7.5000006E-4	0.007870038193429914	-1.2500007869675756E-4
181.0	7.5000006E-4	0.007870038193429914	0.0
181.2	7.5000006E-4	0.007870038193429914	0.0
181.4	7.5000006E-4	0.007870038193429914	0.0
181.6	7.5000006E-4	0.007870038193429914	0.0
181.8	7.5000006E-4	0.007870038193429914	-1.2499993317760527E-4
182.0	7.000001E-4	0.00703633447819926	-1.2499993317760527E-4
182.2	7.000001E-4	0.00703633447819926	0.0
182.4	7.000001E-4	0.00703633447819926	0.0
182.6	7.000001E-4	0.00703633447819926	0.0
182.8	7.000001E-4	0.00703633447819926	0.0
183.0	7.000001E-4	0.00703633447819926	0.0
183.2	7.000001E-4	0.00703633447819926	-2.500000118743628E-4
183.4	6.000001E-4	0.006681317267111499	-2.500000118743628E-4
183.6	6.000001E-4	0.006681317267111499	0.0
183.8	6.000001E-4	0.006681317267111499	0.0
184.0	6.000001E-4	0.006681317267111499	0.0
184.2	6.000001E-4	0.006681317267111499	0.0
184.4	6.000001E-4	0.006681317267111499	0.0
184.6	6.000001E-4	0.006681317267111499	0.0
184.8	6.000001E-4	0.006681317267111499	-1.2500007869675756E-4
185.0	5.5000006E-4	0.006098975253397475	-1.2500007869675756E-4
185.2	5.5000006E-4	0.006098975253397475	0.0
185.4	5.5000006E-4	0.006098975253397475	0.0
185.6	5.5000006E-4	0.006098975253397475	0.0
185.8	5.5000006E-4	0.006098975253397475	0.0
186.0	5.5000006E-4	0.006098975253397475	0.0
186.2	5.5000006E-4	0.006098975253397475	0.0
186.4	5.5000006E-4	0.006098975253397475	0.0
186.6	5.5000006E-4	0.006098975253397475	0.0
186.8	5.5000006E-4	0.006098975253397475	0.0
187.0	5.5000006E-4	0.006098975253397475	0.0
187.2	5.5000006E-4	0.006098975253397475	0.0
187.4	5.5000006E-4	0.006098975253397475	0.0
187.6	5.5000006E-4	0.006098975253397475	0.0
187.8	5.5000006E-4	0.006098975253397475	0.0
188.0	5.5000006E-4	0.006098975253397475	0.0
188.2	5.5000006E-4	0.006098975253397475	-1.2499993317760527E-4
188.4	5.000001E-4	0.005894913070754989	-2.500000118743628E-4
188.6	4.5000005E-4	0.005224701016287275	-1.2500007869675756E-4
188.8	4.5000005E-4	0.005224701016287275	0.0
189.0	4.5000005E-4	0.005224701016287275	0.0
189.2	4.5000005E-4	0.005224701016287275	0.0
189.4	4.5000005E-4	0.005224701016287275	0.0
189.6	4.5000005E-4	0.005224701016287275	0.0
189.8	4.5000005E-4	0.005224701016287275	0.0
190.0	4.5000005E-4	0.005224701016287275	0.0
190.2	4.5000005E-4	0.005224701016287275	0.0
190.4	4.5000005E-4	0.005224701016287275	-2.5000008463393897E-4
190.6	3.5000002E-4	0.004730486416868312	-2.5000008463393897E-4
190.8	3.5000002E-4	0.004730486416868312	0.0
191.0	3.5000002E-4	0.004730486416868312	0.0
191.2	3.5000002E-4	0.004730486416868312	0.0
191.4	3.5000002E-4	0.004730486416868312	-1.250000059371814E-4
191.6	3.0E-4	0.0044620623636316475	-1.250000059371814E-4
191.8	3.0E-4	0.0044620623636316475	0.0
192.0	3.0E-4	0.0044620623636316475	-1.250000059371814E-4
192.2	2.5E-4	0.004175823393832775	-1.250000059371814E-4
192.4	2.5E-4	0.004175823393832775	0.0
192.6	2.5E-4	0.004175823393832775	0.0
192.8	2.5E-4	0.004175823393832775	0.0
193.0	2.5E-4	0.004175823393832775	-1.250000059371814E-4
193.2	2.0000001E-4	0.0031559468366832034	-1.250000059371814E-4
193.4	2.0000001E-4	0.0031559468366832034	0.0
193.6	2.0000001E-4	0.0031559468366832034	0.0
193.8	2.0000001E-4	0.0031559468366832034	0.0
194.0	2.0000001E-4	0.0031559468366832034	0.0
194.2	2.0000001E-4	0.0031559468366832034	0.0
194.4	2.0000001E-4	0.0031559468366832034	0.0
194.6	2.0000001E-4	0.0031559468366832034	0.0
194.8	2.0000001E-4	0.0031559468366832034	0.0
195.0	2.0000001E-4	0.0031559468366832034	0.0
195.2	2.0000001E-4	0.0031559468366832034	0.0
195.4	2.0000001E-4	0.0031559468366832034	0.0
195.6	2.0000001E-4	0.0031559468366832034	0.0
195.8	2.0000001E-4	0.0031559468366832034	0.0
196.0	2.0000001E-4	0.0031559468366832034	0.0
196.2	2.0000001E-4	0.0031559468366832034	0.0
196.4	2.0000001E-4	0.0031559468366832034	0.0
196.6	2.0000001E-4	0.0031559468366832034	0.0
196.8	2.0000001E-4	0.0031559468366832034	0.0
197.0	2.0000001E-4	0.0031559468366832034	0.0
197.2	2.0000001E-4	0.0031559468366832034	0.0
197.4	2.0000001E-4	0.0031559468366832034	0.0
197.6	2.0000001E-4	0.0031559468366832034	0.0
197.8	2.0000001E-4	0.0031559468366832034	0.0
198.0	2.0000001E-4	0.0031559468366832034	0.0
198.2	2.0000001E-4	0.0031559468366832034	0.0
198.4	2.0000001E-4	0.0031559468366832034	0.0
198.6	2.0000001E-4	0.0031559468366832034	0.0
198.8	2.0000001E-4	0.0031559468366832034	0.0
199.0	2.0000001E-4	0.0031559468366832034	0.0
199.2	2.0000001E-4	0.0031559468366832034	-1.250000059371814E-4
199.4	1.5E-4	0.0027345018887815994	-1.250000059371814E-4
199.6	1.5E-4	0.0027345018887815994	0.0
199.8	1.5E-4	0.0027345018887815994	0.0
200.0	1.5E-4	0.0027345018887815994	-1.250000059371814E-4
200.2	1.00000005E-4	0.002233830748240383	-1.250000059371814E-4
200.4	1.00000005E-4	0.002233830748240383	0.0
200.6	1.00000005E-4	0.002233830748240383	0.0
200.8	1.00000005E-4	0.002233830748240383	0.0
201.0	1.00000005E-4	0.002233830748240383	0.0
201.2	1.00000005E-4	0.002233830748240383	0.0
201.4	1.00000005E-4	0.002233830748240383	0.0
201.6	1.00000005E-4	0.002233830748240383	0.0
201.8	1.00000005E-4	0.002233830748240383	-1.250000059371814E-4
202.0	5.0000002E-5	0.0015803480598003436	-1.250000059371814E-4
202.2	5.0000002E-5	0.0015803480598003436	0.0
202.4	5.0000002E-5	0.0015803480598003436	0.0
202.6	5.0000002E-5	0.0015803480598003436	0.0
202.8	5.0000002E-5	0.0015803480598003436	0.0
203.0	5.0000002E-5	0.0015803480598003436	0.0
203.2	5.0000002E-5	0.0015803480598003436	0.0
203.4	5.0000002E-5	0.0015803480598003436	0.0
203.6	5.0000002E-5	0.0015803480598003436	0.0
203.8	5.0000002E-5	0.0015803480598003436	0.0
204.0	5.0000002E-5	0.0015803480598003436	0.0
204.2	5.0000002E-5	0.0015803480598003436	0.0
204.4	5.0000002E-5	0.0015803480598003436	0.0
204.6	5.0000002E-5	0.0015803480598003436	0.0
204.8	5.0000002E-5	0.0015803480598003436	0.0
205.0	5.0000002E-5	0.0015803480598003436	0.0
205.2	5.0000002E-5	0.0015803480598003436	0.0
205.4	5.0000002E-5	0.0015803480598003436	0.0
205.6	5.0000002E-5	0.0015803480598003436	0.0
205.8	5.0000002E-5	0.0015803480598003436	0.0
206.0	5.0000002E-5	0.0015803480598003436	0.0
206.2	5.0000002E-5	0.0015803480598003436	0.0
206.4	5.0000002E-5	0.0015803480598003436	0.0
206.6	5.0000002E-5	0.0015803480598003436	0.0
206.8	5.0000002E-5	0.0015803480598003436	0.0
207.0	5.0000002E-5	0.0015803480598003436	0.0
207.2	5.0000002E-5	0.0015803480598003436	0.0
207.4	5.0000002E-5	0.0015803480598003436	0.0
207.6	5.0000002E-5	0.0015803480598003436	0.0
207.8	5.0000002E-5	0.0015803480598003436	0.0
208.0	5.0000002E-5	0.0015803480598003436	0.0
208.2	5.0000002E-5	0.0015803480598003436	0.0
208.4	5.0000002E-5	0.0015803480598003436	0.0
208.6	5.0000002E-5	0.0015803480598003436	0.0
208.8	5.0000002E-5	0.0015803480598003436	0.0
209.0	5.0000002E-5	0.0015803480598003436	0.0
209.2	5.0000002E-5	0.0015803480598003436	0.0
209.4	5.0000002E-5	0.0015803480598003436	0.0
209.6	5.0000002E-5	0.0015803480598003436	0.0
209.8	5.0000002E-5	0.0015803480598003436	0.0
210.0	5.0000002E-5	0.0015803480598003436	0.0
210.2	5.0000002E-5	0.0015803480598003436	0.0
210.4	5.0000002E-5	0.0015803480598003436	0.0
210.6	5.0000002E-5	0.0015803480598003436	0.0
210.8	5.0000002E-5	0.0015803480598003436	0.0
211.0	5.0000002E-5	0.0015803480598003436	0.0
211.2	5.0000002E-5	0.0015803480598003436	0.0
211.4	5.0000002E-5	0.0015803480598003436	0.0
211.6	5.0000002E-5	0.0015803480598003436	0.0
211.8	5.0000002E-5	0.0015803480598003436	0.0
212.0	5.0000002E-5	0.0015803480598003436	0.0
212.2	5.0000002E-5	0.0015803480598003436	0.0
212.4	5.0000002E-5	0.0015803480598003436	0.0
212.6	5.0000002E-5	0.0015803480598003436	0.0
212.8	5.0000002E-5	0.0015803480598003436	0.0
213.0	5.0000002E-5	0.0015803480598003436	0.0
213.2	5.0000002E-5	0.0015803480598003436	0.0
213.4	5.0000002E-5	0.0015803480598003436	0.0
213.6	5.0000002E-5	0.0015803480598003436	0.0
213.8	5.0000002E-5	0.0015803480598003436	0.0
214.0	5.0000002E-5	0.0015803480598003436	0.0
214.2	5.0000002E-5	0.0015803480598003436	0.0
214.4	5.0000002E-5	0.0015803480598003436	0.0
214.6	5.0000002E-5	0.0015803480598003436	0.0
214.8	5.0000002E-5	0.0015803480598003436	0.0
215.0	5.0000002E-5	0.0015803480598003436	0.0
215.2	5.0000002E-5	0.0015803480598003436	0.0
215.4	5.0000002E-5	0.0015803480598003436	0.0
215.6	5.0000002E-5	0.0015803480598003436	0.0
215.8	5.0000002E-5	0.0015803480598003436	0.0
216.0	5.0000002E-5	0.0015803480598003436	0.0
216.2	5.0000002E-5	0.0015803480598003436	0.0
216.4	5.0000002E-5	0.0015803480598003436	0.0
216.6	5.0000002E-5	0.0015803480598003436	0.0
216.8	5.0000002E-5	0.0015803480598003436	0.0
217.0	5.0000002E-5	0.0015803480598003436	0.0
217.2	5.0000002E-5	0.0015803480598003436	0.0
217.4	5.0000002E-5	0.0015803480598003436	0.0
217.6	5.0000002E-5	0.0015803480598003436	0.0
217.8	5.0000002E-5	0.0015803480598003436	0.0
218.0	5.0000002E-5	0.0015803480598003436	0.0
218.2	5.0000002E-5	0.0015803480598003436	0.0
218.4	5.0000002E-5	0.0015803480598003436	0.0
218.6	5.0000002E-5	0.0015803480598003436	0.0
218.8	5.0000002E-5	0.0015803480598003436	0.0
219.0	5.0000002E-5	0.0015803480598003436	0.0
219.2	5.0000002E-5	0.0015803480598003436	0.0
219.4	5.0000002E-5	0.0015803480598003436	0.0
219.6	5.0000002E-5	0.0015803480598003436	0.0
219.8	5.0000002E-5	0.0015803480598003436	0.0
220.0	5.0000002E-5	0.0015803480598003436	0.0
220.2	5.0000002E-5	0.0015803480598003436	0.0
220.4	5.0000002E-5	0.0015803480598003436	0.0
220.6	5.0000002E-5	0.0015803480598003436	0.0
220.8	5.0000002E-5	0.0015803480598003436	0.0
221.0	5.0000002E-5	0.0015803480598003436	0.0
221.2	5.0000002E-5	0.0015803480598003436	0.0
221.4	5.0000002E-5	0.0015803480598003436	0.0
221.6	5.0000002E-5	0.0015803480598003436	0.0
221.8	5.0000002E-5	0.0015803480598003436	0.0
222.0	5.0000002E-5	0.0015803480598003436	0.0
222.2	5.0000002E-5	0.0015803480598003436	0.0
222.4	5.0000002E-5	0.0015803480598003436	0.0
222.6	5.0000002E-5	0.0015803480598003436	0.0
222.8	5.0000002E-5	0.0015803480598003436	0.0
223.0	5.0000002E-5	0.0015803480598003436	0.0
223.2	5.0000002E-5	0.0015803480598003436	0.0
223.4	5.0000002E-5	0.0015803480598003436	0.0
223.6	5.0000002E-5	0.0015803480598003436	0.0
223.8	5.0000002E-5	0.0015803480598003436	0.0
224.0	5.0000002E-5	0.0015803480598003436	0.0
224.2	5.0000002E-5	0.0015803480598003436	0.0
224.4	5.0000002E-5	0.0015803480598003436	0.0
224.6	5.0000002E-5	0.0015803480598003436	0.0
224.8	5.0000002E-5	0.0015803480598003436	0.0
225.0	5.0000002E-5	0.0015803480598003436	0.0
225.2	5.0000002E-5	0.0015803480598003436	0.0
225.4	5.0000002E-5	0.0015803480598003436	0.0
225.6	5.0000002E-5	0.0015803480598003436	0.0
225.8	5.0000002E-5	0.0015803480598003436	0.0
226.0	5.0000002E-5	0.0015803480598003436	0.0
226.2	5.0000002E-5	0.0015803480598003436	0.0
226.4	5.0000002E-5	0.0015803480598003436	0.0
226.6	5.0000002E-5	0.0015803480598003436	0.0
226.8	5.0000002E-5	0.0015803480598003436	0.0
227.0	5.0000002E-5	0.0015803480598003436	0.0
227.2	5.0000002E-5	0.0015803480598003436	0.0
227.4	5.0000002E-5	0.0015803480598003436	0.0
227.6	5.0000002E-5	0.0015803480598003436	0.0
227.8	5.0000002E-5	0.0015803480598003436	0.0
228.0	5.0000002E-5	0.0015803480598003436	0.0
228.2	5.0000002E-5	0.0015803480598003436	0.0
228.4	5.0000002E-5	0.0015803480598003436	0.0
228.6	5.0000002E-5	0.0015803480598003436	0.0
228.8	5.0000002E-5	0.0015803480598003436	0.0
229.0	5.0000002E-5	0.0015803480598003436	0.0
229.2	5.0000002E-5	0.0015803480598003436	0.0
229.4	5.0000002E-5	0.0015803480598003436	0.0
229.6	5.0000002E-5	0.0015803480598003436	0.0
229.8	5.0000002E-5	0.0015803480598003436	0.0
230.0	5.0000002E-5	0.0015803480598003436	0.0
230.2	5.0000002E-5	0.0015803480598003436	0.0
230.4	5.0000002E-5	0.0015803480598003436	0.0
230.6	5.0000002E-5	0.0015803480598003436	0.0
230.8	5.0000002E-5	0.0015803480598003436	0.0
231.0	5.0000002E-5	0.0015803480598003436	0.0
231.2	5.0000002E-5	0.0015803480598003436	0.0
231.4	5.0000002E-5	0.0015803480598003436	0.0
231.6	5.0000002E-5	0.0015803480598003436	0.0
231.8	5.0000002E-5	0.0015803480598003436	0.0
232.0	5.0000002E-5	0.0015803480598003436	0.0
232.2	5.0000002E-5	0.0015803480598003436	-1.250000059371814E-4
232.4	0.0	0.0	-1.250000059371814E-4
232.6	0.0	0.0	0.0
232.8	0.0	0.0	0.0
233.0	0.0	0.0	0.0
233.2	0.0	0.0	0.0
233.4	0.0	0.0	0.0
233.6	0.0	0.0	0.0
233.8	0.0	0.0	0.0
234.0	0.0	0.0	0.0
234.2	0.0	0.0	0.0
234.4	0.0	0.0	0.0
234.6	0.0	0.0	0.0
234.8	0.0	0.0	0.0
235.0	0.0	0.0	0.0
235.2	0.0	0.0	0.0
235.4	0.0	0.0	0.0
235.6	0.0	0.0	0.0
235.8	0.0	0.0	0.0
236.0	0.0	0.0	0.0
236.2	0.0	0.0	0.0
236.4	0.0	0.0	0.0
236.6	0.0	0.0	0.0
236.8	0.0	0.0	0.0
237.0	0.0	0.0	0.0
237.2	0.0	0.0	0.0
237.4	0.0	0.0	0.0
237.6	0.0	0.0	0.0
237.8	0.0	0.0	0.0
238.0	0.0	0.0	0.0
238.2	0.0	0.0	0.0
238.4	0.0	0.0	0.0
238.6	0.0	0.0	0.0
238.8	0.0	0.0	0.0
239.0	0.0	0.0	0.0
239.2	0.0	0.0	0.0
239.4	0.0	0.0	0.0
239.6	0.0	0.0	0.0
239.8	0.0	0.0	0.0
240.0	0.0	0.0	0.0
240.2	0.0	0.0	0.0
240.4	0.0	0.0	0.0
240.6	0.0	0.0	0.0
240.8	0.0	0.0	0.0
241.0	0.0	0.0	0.0
241.2	0.0	0.0	0.0
241.4	0.0	0.0	0.0
241.6	0.0	0.0	0.0
241.8	0.0	0.0	0.0
242.0	0.0	0.0	0.0
242.2	0.0	0.0	0.0
242.4	0.0	0.0	0.0
242.6	0.0	0.0	0.0
242.8	0.0	0.0	0.0
243.0	0.0	0.0	0.0
243.2	0.0	0.0	0.0
243.4	0.0	0.0	0.0
243.6	0.0	0.0	0.0
243.8	0.0	0.0	0.0
244.0	0.0	0.0	0.0
244.2	0.0	0.0	0.0
244.4	0.0	0.0	0.0
244.6	0.0	0.0	0.0
244.8	0.0	0.0	0.0
245.0	0.0	0.0	0.0
245.2	0.0	0.0	0.0
245.4	0.0	0.0	0.0
245.6	0.0	0.0	0.0
245.8	0.0	0.0	0.0
246.0	0.0	0.0	0.0
246.2	0.0	0.0	0.0
246.4	0.0	0.0	0.0
246.6	0.0	0.0	0.0
246.8	0.0	0.0	0.0
247.0	0.0	0.0	0.0
247.2	0.0	0.0	0.0
247.4	0.0	0.0	0.0
247.6	0.0	0.0	0.0
247.8	0.0	0.0	0.0
248.0	0.0	0.0	0.0
248.2	0.0	0.0	0.0
248.4	0.0	0.0	0.0
248.6	0.0	0.0	0.0
248.8	0.0	0.0	0.0
249.0	0.0	0.0	0.0
249.2	0.0	0.0	0.0
249.4	0.0	0.0	0.0
249.6	0.0	0.0	0.0
249.8	0.0	0.0	0.0
250.0	0.0	0.0	0.0
250.2	0.0	0.0	0.0
250.4	0.0	0.0	0.0
250.6	0.0	0.0	0.0
250.8	0.0	0.0	0.0
251.0	0.0	0.0	0.0
251.2	0.0	0.0	0.0
251.4	0.0	0.0	0.0
251.6	0.0	0.0	0.0
251.8	0.0	0.0	0.0
252.0	0.0	0.0	0.0
252.2	0.0	0.0	0.0
252.4	0.0	0.0	0.0
252.6	0.0	0.0	0.0
252.8	0.0	0.0	0.0
253.0	0.0	0.0	0.0
253.2	0.0	0.0	0.0
253.4	0.0	0.0	0.0
253.6	0.0	0.0	0.0
253.8	0.0	0.0	0.0
254.0	0.0	0.0	0.0
254.2	0.0	0.0	0.0
254.4	0.0	0.0	0.0
254.6	0.0	0.0	0.0
254.8	0.0	0.0	0.0
255.0	0.0	0.0	0.0
255.2	0.0	0.0	0.0
255.4	0.0	0.0	0.0
255.6	0.0	0.0	0.0
255.8	0.0	0.0	0.0
256.0	0.0	0.0	0.0
256.2	0.0	0.0	0.0
256.4	0.0	0.0	0.0
256.6	0.0	0.0	0.0
256.8	0.0	0.0	0.0
257.0	0.0	0.0	0.0
257.2	0.0	0.0	0.0
257.4	0.0	0.0	0.0
257.6	0.0	0.0	0.0
257.8	0.0	0.0	0.0
258.0	0.0	0.0	0.0
258.2	0.0	0.0	0.0
258.4	0.0	0.0	0.0
258.6	0.0	0.0	0.0
258.8	0.0	0.0	0.0
259.0	0.0	0.0	0.0
259.2	0.0	0.0	0.0
259.4	0.0	0.0	0.0
259.6	0.0	0.0	0.0
259.8	0.0	0.0	0.0
260.0	0.0	0.0	0.0
260.2	0.0	0.0	0.0
260.4	0.0	0.0	0.0
260.6	0.0	0.0	0.0
260.8	0.0	0.0	0.0
261.0	0.0	0.0	0.0
261.2	0.0	0.0	0.0
261.4	0.0	0.0	0.0
261.6	0.0	0.0	0.0
261.8	0.0	0.0	0.0
262.0	0.0	0.0	0.0
262.2	0.0	0.0	0.0
262.4	0.0	0.0	0.0
262.6	0.0	0.0	0.0
262.8	0.0	0.0	0.0
263.0	0.0	0.0	0.0
263.2	0.0	0.0	0.0
263.4	0.0	0.0	0.0
263.6	0.0	0.0	0.0
263.8	0.0	0.0	0.0
264.0	0.0	0.0	0.0
264.2	0.0	0.0	0.0
264.4	0.0	0.0	0.0
264.6	0.0	0.0	0.0
264.8	0.0	0.0	0.0
265.0	0.0	0.0	0.0
265.2	0.0	0.0	0.0
265.4	0.0	0.0	0.0
265.6	0.0	0.0	0.0
265.8	0.0	0.0	0.0
266.0	0.0	0.0	0.0
266.2	0.0	0.0	0.0
266.4	0.0	0.0	0.0
266.6	0.0	0.0	0.0
266.8	0.0	0.0	0.0
267.0	0.0	0.0	0.0
267.2	0.0	0.0	0.0
267.4	0.0	0.0	0.0
267.6	0.0	0.0	0.0
267.8	0.0	0.0	0.0
268.0	0.0	0.0	0.0
268.2	0.0	0.0	0.0
268.4	0.0	0.0	0.0
268.6	0.0	0.0	0.0
268.8	0.0	0.0	0.0
269.0	0.0	0.0	0.0
269.2	0.0	0.0	0.0
269.4	0.0	0.0	0.0
269.6	0.0	0.0	0.0
269.8	0.0	0.0	0.0
270.0	0.0	0.0	0.0
270.2	0.0	0.0	0.0
270.4	0.0	0.0	0.0
270.6	0.0	0.0	0.0
270.8	0.0	0.0	0.0
271.0	0.0	0.0	0.0
271.2	0.0	0.0	0.0
271.4	0.0	0.0	0.0
271.6	0.0	0.0	0.0
271.8	0.0	0.0	0.0
272.0	0.0	0.0	0.0
272.2	0.0	0.0	0.0
272.4	0.0	0.0	0.0
272.6	0.0	0.0	0.0
272.8	0.0	0.0	0.0
273.0	0.0	0.0	0.0
273.2	0.0	0.0	0.0
273.4	0.0	0.0	0.0
273.6	0.0	0.0	0.0
273.8	0.0	0.0	0.0
274.0	0.0	0.0	0.0
274.2	0.0	0.0	0.0
274.4	0.0	0.0	0.0
274.6	0.0	0.0	0.0
274.8	0.0	0.0	0.0
275.0	0.0	0.0	0.0
275.2	0.0	0.0	0.0
275.4	0.0	0.0	0.0
275.6	0.0	0.0	0.0
275.8	0.0	0.0	0.0
276.0	0.0	0.0	0.0
276.2	0.0	0.0	0.0
276.4	0.0	0.0	0.0
276.6	0.0	0.0	0.0
276.8	0.0	0.0	0.0
277.0	0.0	0.0	0.0
277.2	0.0	0.0	0.0
277.4	0.0	0.0	0.0
277.6	0.0	0.0	0.0
277.8	0.0	0.0	0.0
278.0	0.0	0.0	0.0
278.2	0.0	0.0	0.0
278.4	0.0	0.0	0.0
278.6	0.0	0.0	0.0
278.8	0.0	0.0	0.0
279.0	0.0	0.0	0.0
279.2	0.0	0.0	0.0
279.4	0.0	0.0	0.0
279.6	0.0	0.0	0.0
279.8	0.0	0.0	0.0
280.0	0.0	0.0	0.0
280.2	0.0	0.0	0.0
280.4	0.0	0.0	0.0
280.6	0.0	0.0	0.0
280.8	0.0	0.0	0.0
281.0	0.0	0.0	0.0
281.2	0.0	0.0	0.0
281.4	0.0	0.0	0.0
281.6	0.0	0.0	0.0
281.8	0.0	0.0	0.0
282.0	0.0	0.0	0.0
282.2	0.0	0.0	0.0
282.4	0.0	0.0	0.0
282.6	0.0	0.0	0.0
282.8	0.0	0.0	0.0
283.0	0.0	0.0	0.0
283.2	0.0	0.0	0.0
283.4	0.0	0.0	0.0
283.6	0.0	0.0	0.0
283.8	0.0	0.0	0.0
284.0	0.0	0.0	0.0
284.2	0.0	0.0	0.0
284.4	0.0	0.0	0.0
284.6	0.0	0.0	0.0
284.8	0.0	0.0	0.0
285.0	0.0	0.0	0.0
285.2	0.0	0.0	0.0
285.4	0.0	0.0	0.0
285.6	0.0	0.0	0.0
285.8	0.0	0.0	0.0
286.0	0.0	0.0	0.0
286.2	0.0	0.0	0.0
286.4	0.0	0.0	0.0
286.6	0.0	0.0	0.0
286.8	0.0	0.0	0.0
287.0	0.0	0.0	0.0
287.2	0.0	0.0	0.0
287.4	0.0	0.0	0.0
287.6	0.0	0.0	0.0
287.8	0.0	0.0	0.0
288.0	0.0	0.0	0.0
288.2	0.0	0.0	0.0
288.4	0.0	0.0	0.0
288.6	0.0	0.0	0.0
288.8	0.0	0.0	0.0
289.0	0.0	0.0	0.0
289.2	0.0	0.0	0.0
289.4	0.0	0.0	0.0
289.6	0.0	0.0	0.0
289.8	0.0	0.0	0.0
290.0	0.0	0.0	0.0
290.2	0.0	0.0	0.0
290.4	0.0	0.0	0.0
290.6	0.0	0.0	0.0
290.8	0.0	0.0	0.0
291.0	0.0	0.0	0.0
291.2	0.0	0.0	0.0
291.4	0.0	0.0	0.0
291.6	0.0	0.0	0.0
291.8	0.0	0.0	0.0
292.0	0.0	0.0	0.0
292.2	0.0	0.0	0.0
292.4	0.0	0.0	0.0
292.6	0.0	0.0	0.0
292.8	0.0	0.0	0.0
293.0	0.0	0.0	0.0
293.2	0.0	0.0	0.0
293.4	0.0	0.0	0.0
293.6	0.0	0.0	0.0
293.8	0.0	0.0	0.0
294.0	0.0	0.0	0.0
294.2	0.0	0.0	0.0
294.4	0.0	0.0	0.0
294.6	0.0	0.0	0.0
294.8	0.0	0.0	0.0
295.0	0.0	0.0	0.0
295.2	0.0	0.0	0.0
295.4	0.0	0.0	0.0
295.6	0.0	0.0	0.0
295.8	0.0	0.0	0.0
296.0	0.0	0.0	0.0
296.2	0.0	0.0	0.0
296.4	0.0	0.0	0.0
296.6	0.0	0.0	0.0
296.8	0.0	0.0	0.0
297.0	0.0	0.0	0.0
297.2	0.0	0.0	0.0
297.4	0.0	0.0	0.0
297.6	0.0	0.0	0.0
297.8	0.0	0.0	0.0
298.0	0.0	0.0	0.0
298.2	0.0	0.0	0.0
298.4	0.0	0.0	0.0
298.6	0.0	0.0	0.0
298.8	0.0	0.0	0.0
299.0	0.0	0.0	0.0
299.2	0.0	0.0	0.0
299.4	0.0	0.0	0.0
299.6	0.0	0.0	0.0
299.8	0.0	0.0	0.0
