0.0	0.050449524	0.004722022966032484	0.0
0.2	0.050449524	0.004722022966032484	9.999889880418777E-4
0.4	0.05084952	0.0064635517694617345	0.0022499822080135345
0.6	0.051349517	0.008406991277527474	0.0018749944865703583
0.8	0.051599517	0.009079647758785978	0.001999996602535248
1.0	0.052149516	0.01038640955529859	0.002874983474612236
1.2	0.05274951	0.01182951835074004	0.0026249978691339493
1.4	0.053199515	0.012835887476529565	0.0023750029504299164
1.6	0.053699512	0.013649542486703711	0.001999996602535248
1.8	0.053999513	0.014282857178389827	0.002124980092048645
2.0	0.054549504	0.0153882265332236	0.0028749648481607437
2.2	0.0551495	0.016461394826512023	0.002374984323978424
2.4	0.055499498	0.017313290405816018	0.0024999771267175674
2.6	0.05614949	0.018157023943279078	0.0026249978691339493
2.8	0.056549497	0.019094436834679384	0.002500005066394806
3.0	0.057149492	0.019783263728120632	0.001874975860118866
3.2	0.057299487	0.02004270502507385	0.0011249911040067673
3.4	0.05759949	0.020669785524969286	0.0023749936372041702
3.6	0.058249485	0.02143449346369665	0.002874992787837982
3.8	0.058749486	0.022157110281748337	0.002124989405274391
4.0	0.05909948	0.02263161560625079	0.001624971628189087
4.2	0.059399474	0.023057320800937527	0.002124980092048645
4.4	0.059949473	0.023738102909588	0.001999996602535248
4.6	0.060199473	0.023894770295579706	0.0019999872893095016
4.8	0.060749467	0.024838226843681466	0.002624988555908203
5.0	0.06124947	0.025316744594652517	0.002500005066394806
5.2	0.06174947	0.025776685477168968	0.002750009298324585
5.4	0.062349472	0.026457089035395752	0.0022499915212392807
5.6	0.062649466	0.026971791424623328	0.0022499915212392807
5.8	0.06324947	0.027783764021935064	0.0031250156462192535
6.0	0.06389947	0.02857953891168553	0.00262504443526268
6.2	0.06429949	0.029077655701826455	0.0017500855028629303
6.4	0.06459951	0.029271830519391636	0.002125166356563568
6.6	0.06514955	0.02996627337658687	0.002750121057033539
6.8	0.065699555	0.03079789016669068	0.0021250545978546143
7.0	0.065999575	0.031208973677942713	0.0015000812709331512
7.2	0.06629959	0.03153268237472083	0.001750122755765915
7.4	0.066699624	0.0321886635025393	0.0017501041293144226
7.6	0.06699963	0.03257299583964912	0.002125035971403122
7.8	0.06754964	0.03300753802906932	0.0025000236928462982
8.0	0.06799964	0.03318132079734926	0.0023750774562358856
8.2	0.06849967	0.03373055086117829	0.0025000981986522675
8.4	0.06899968	0.03462658027501455	0.0027500465512275696
8.6	0.06959969	0.03522555979907218	0.0032500550150871277
8.8	0.0702997	0.03581773396676241	0.0028750859200954437
9.0	0.07074972	0.0363584595695261	0.0018750689923763275
9.2	0.07104973	0.03714024193601695	0.002375040203332901
9.4	0.07169974	0.037935604372772116	0.0031250901520252228
9.6	0.07229976	0.03870025941895036	0.002875160425901413
9.8	0.0728498	0.03924764430729021	0.0025001168251037598
10.0	0.07329981	0.03952353835324116	0.00262504443526268
10.2	0.07389982	0.04023419049483377	0.003500077873468399
10.4	0.07469984	0.040986706324953624	0.0033751316368579865
10.6	0.07524987	0.04141180456315907	0.0025001168251037598
10.8	0.07569989	0.04164744961939781	0.0030001066625118256
11.0	0.076449916	0.04251937911433999	0.0038751214742660522
11.2	0.07724994	0.04335824673697349	0.003375057131052017
11.4	0.07779994	0.04372825249530943	0.002250019460916519
11.6	0.078149945	0.04410303399717808	0.002500060945749283
11.8	0.07879996	0.04467169255246768	0.003375057131052017
12.0	0.07949997	0.04538447058126269	0.0033750198781490326
12.2	0.08014997	0.046081206287303444	0.002750065177679062
12.4	0.08059999	0.04640732837871348	0.003000069409608841
12.6	0.08135	0.04700720828377802	0.003375057131052017
12.8	0.08195002	0.04760984875658418	0.003125052899122238
13.0	0.08260002	0.04829327160542944	0.0035001151263713837
13.2	0.08335006	0.04894157372497275	0.0038751214742660522
13.4	0.08415007	0.049409286341293664	0.00412503257393837
13.6	0.085000075	0.050199603686292046	0.0034999847412109375
13.8	0.08555006	0.05092835712342253	0.002999957650899887
14.0	0.08620006	0.05137664969765627	0.004000011831521988
14.2	0.08715007	0.052510738399389016	0.003750063478946686
14.4	0.087700084	0.052950072058224114	0.0026250258088111877
14.6	0.08820008	0.05334566684161215	0.003250017762184143
14.8	0.08900009	0.05407402489521833	0.00387510284781456
15.0	0.08975012	0.05447419334163817	0.003625117242336273
15.2	0.09045014	0.05541928958398734	0.003125052899122238
15.4	0.09100014	0.056026780765991095	0.0034999847412109375
15.6	0.09185013	0.0569304633649172	0.0033749639987945557
15.8	0.092350125	0.05743672741826393	0.0038750283420085907
16.0	0.09340014	0.05836471583283889	0.00475006178021431
16.2	0.09425015	0.059577157990996284	0.0035000406205654144
16.4	0.09480016	0.06035693990581067	0.0024999678134918213
16.6	0.09525014	0.061318331106361465	0.0035000406205654144
16.8	0.096200176	0.06245446537406646	0.0038750842213630676
17.0	0.09680017	0.06284711599176292	0.0029999390244483948
17.2	0.09740015	0.0629542690067875	0.004249978810548782
17.4	0.09850016	0.06370047189721573	0.004625003784894943
17.6	0.09925015	0.064899441928423	0.00400003045797348
17.8	0.100100175	0.06565051494096039	0.004125107079744339
18.0	0.100900196	0.06651458477411643	0.003625117242336273
18.2	0.10155022	0.06760249734415807	0.004000086337327957
18.4	0.10250023	0.06880225386660005	0.0038750097155570984
18.6	0.103100225	0.06921264452328563	0.0029999949038028717
18.8	0.10370023	0.06975894439762693	0.002874992787837982
19.0	0.10425022	0.07006737920150091	0.00412503257393837
19.2	0.10535024	0.07056116261089906	0.004999972879886627
19.4	0.10625021	0.07178744753274899	0.003874935209751129
19.6	0.106900215	0.07261122590451821	0.002750009298324585
19.8	0.107350215	0.07326989571978976	0.0036250054836273193
20.0	0.10835022	0.07414700007783999	0.004375036805868149
20.2	0.10910023	0.07508122510301267	0.004000067710876465
20.4	0.109950244	0.07585181367372199	0.0038750283420085907
20.6	0.11065024	0.07641385767398372	0.003999974578619003
20.8	0.111550234	0.07719519015800198	0.00350000336766243
21.0	0.11205024	0.07766786915350339	0.0038750655949115753
21.2	0.11310026	0.07857092551905823	0.00475006178021431
21.4	0.11395027	0.07929626624901072	0.0036250054836273193
21.6	0.11455026	0.08000498626945998	0.004124995321035385
21.8	0.115600266	0.08100395174074551	0.0035000592470169067
22.0	0.11595029	0.08150520130584278	0.0023750774562358856
22.2	0.1165503	0.08221069166724254	0.0031250156462192535
22.4	0.11720029	0.08248733365425849	0.003750026226043701
22.6	0.11805031	0.08286554070667758	0.003875046968460083
22.8	0.11875031	0.0835220790924934	0.004000011831521988
23.0	0.11965031	0.08491983105394656	0.003750026226043701
23.2	0.12025032	0.08536649057553913	0.002874992787837982
23.4	0.12080031	0.08580419318689271	0.003249961882829666
23.6	0.12155031	0.08690855983161776	0.002750009298324585
23.8	0.12190031	0.08712284184939025	0.0041250139474868774
24.0	0.12320031	0.08832757434051432	0.005249958485364914
24.2	0.124000296	0.08876373243252053	0.0031249597668647766
24.4	0.124450296	0.0892731638768713	0.0027499720454216003
24.6	0.12510028	0.08986094965363958	0.0029999762773513794
24.8	0.12565029	0.09021960856419552	0.002750009298324585
25.0	0.12620029	0.09065627533197622	0.0027499347925186157
25.2	0.12675026	0.0909776772459274	0.003874935209751129
25.4	0.12775026	0.09193713973543817	0.005375035107135773
25.6	0.12890027	0.09273505375525166	0.005875006318092346
25.8	0.13010027	0.09332197162984228	0.005124993622303009
26.0	0.13095027	0.09465515203583776	0.0034999847412109375
26.2	0.13150026	0.09525098634268239	0.003249943256378174
26.4	0.13225025	0.09572062378051678	0.0038750097155570984
26.6	0.13305026	0.09625589769206928	0.004374980926513672
26.8	0.13400024	0.0973087886728484	0.004000067710876465
27.0	0.13465029	0.09763133641773426	0.003375113010406494
27.2	0.13535029	0.0979942745470573	0.0043750181794166565
27.4	0.1364003	0.09874229297486899	0.003999993205070496
27.6	0.13695028	0.09918264901943642	0.003250017762184143
27.8	0.1377003	0.09951738702661123	0.004625096917152405
28.0	0.13880032	0.10052144231608512	0.0050000473856925964
28.2	0.13970032	0.10089058606404366	0.004124976694583893
28.4	0.14045031	0.10154456130383521	0.004374943673610687
28.6	0.1414503	0.10214890084742057	0.004749968647956848
28.8	0.1423503	0.10285415793882222	0.0038750097155570984
29.0	0.1430003	0.10332473275182545	0.0041250139474868774
29.2	0.1440003	0.1045418600663709	0.0041250139474868774
29.4	0.14465031	0.10516119956367247	0.0036250799894332886
29.6	0.14545034	0.10619226781116066	0.004250071942806244
29.8	0.14635034	0.10672009202751702	0.004374943673610687
30.0	0.14720032	0.10750423425278176	0.004749968647956848
30.2	0.14825033	0.10832560987299773	0.004375055432319641
30.4	0.14895034	0.10900182526806433	0.00400003045797348
30.6	0.14985034	0.10980654720552614	0.004749856889247894
30.8	0.15085028	0.11014434858154137	0.005249902606010437
31.0	0.1519503	0.11076415398195674	0.0042501091957092285
31.2	0.15255032	0.11129239638248906	0.004125051200389862
31.4	0.15360032	0.11245905897767049	0.00487498939037323
31.6	0.15450032	0.11346695862729514	0.005125030875205994
31.8	0.15565033	0.11454509261251405	0.004749968647956848
32.0	0.15640031	0.11529978336906756	0.005124993622303009
32.2	0.15770033	0.11597719783995707	0.005750022828578949
32.4	0.15870032	0.1168516596552291	0.004374906420707703
32.6	0.1594503	0.11733796434046277	0.003374926745891571
32.8	0.16005029	0.11760739033242527	0.0030000507831573486
33.0	0.16065031	0.11823315051558095	0.003875046968460083
33.2	0.1616003	0.11889255964884089	0.0052500516176223755
33.4	0.16275033	0.11947777142424133	0.004500113427639008
33.6	0.16340035	0.12000183480062585	0.004249997437000275
33.8	0.16445033	0.12088712679539873	0.004999935626983643
34.0	0.16540033	0.12160526450762837	0.004749968647956848
34.2	0.16635032	0.1226180179683862	0.004999898374080658
34.4	0.16740029	0.12339870254405362	0.005749799311161041
34.6	0.16865024	0.12427661819489595	0.005874894559383392
34.8	0.16975024	0.12540908135217618	0.005374997854232788
35.0	0.17080024	0.12610456043064053	0.005499944090843201
35.2	0.17195022	0.1270657219874422	0.005499944090843201
35.4	0.17300022	0.1276362026099151	0.0055000558495521545
35.6	0.17415024	0.12823524576232578	0.004375092685222626
35.8	0.17475025	0.12845208096362995	0.00525008887052536
36.0	0.17625028	0.12984004650088504	0.006500072777271271
36.2	0.17735028	0.13097510348693991	0.005499906837940216
36.4	0.17845024	0.13190185127067255	0.004999972879886627
36.6	0.17935027	0.13193209759004138	0.004125125706195831
36.8	0.18010029	0.13218922150719062	0.004375055432319641
37.0	0.1811003	0.13305183064682666	0.0043750181794166565
37.2	0.1818503	0.13382106379832356	0.004500001668930054
37.4	0.1829003	0.1344529270830057	0.005750022828578949
37.6	0.18415031	0.13504176309053517	0.004875101149082184
37.8	0.18485034	0.13567600281795122	0.004875212907791138
38.0	0.1861004	0.1361866007189886	0.005250163376331329
38.2	0.1869504	0.1368290847763737	0.004624873399734497
38.4	0.18795034	0.13783068490070066	0.004124827682971954
38.6	0.18860033	0.1383294625777858	0.003999993205070496
38.8	0.18955034	0.13899027901448516	0.005749985575675964
39.0	0.19090033	0.1399363789708217	0.006374940276145935
39.2	0.19210032	0.14144818906618611	0.005250014364719391
39.4	0.19300033	0.1417074486394999	0.004999972879886627
39.6	0.1941003	0.1427942206275977	0.0064999982714653015
39.8	0.19560033	0.14321536304641574	0.006624981760978699
40.0	0.1967503	0.14384692757379094	0.005999952554702759
40.2	0.19800031	0.1446582185569711	0.0056249648332595825
40.4	0.19900028	0.1454957020729145	0.004249885678291321
40.6	0.19970027	0.14582492956384194	0.004624985158443451
40.8	0.20085028	0.14651545201029637	0.005750097334384918
41.0	0.2020003	0.14743133836564598	0.0057501718401908875
41.2	0.20315035	0.14806275155169435	0.005625113844871521
41.4	0.20425035	0.14881007512818284	0.005999915301799774
41.6	0.20555031	0.14915326937046502	0.005749911069869995
41.8	0.20655032	0.14943091547839926	0.0047499313950538635
42.0	0.20745029	0.15017322820410237	0.005499944090843201
42.2	0.2087503	0.15061851473681775	0.006875097751617432
42.4	0.21020032	0.15091706644991987	0.00675007700920105
42.6	0.21145032	0.15116678520460122	0.006750002503395081
42.8	0.21290033	0.15157041073338925	0.007749870419502258
43.0	0.21455027	0.15240012606536965	0.007124915719032288
43.2	0.21575029	0.15319738402782673	0.006750039756298065
43.4	0.21725029	0.1543370910262888	0.0071250274777412415
43.6	0.2186003	0.15523865559643046	0.00700000673532486
43.8	0.22005029	0.15588617150292514	0.007124952971935272
44.0	0.22145028	0.1566601369449953	0.006375052034854889
44.2	0.22260031	0.15774739331121654	0.005625076591968536
44.4	0.22370031	0.15864523391943441	0.005749911069869995
44.6	0.22490028	0.1596558493075244	0.007124766707420349
44.8	0.22655022	0.1606629954133067	0.007249973714351654
45.0	0.22780026	0.16092594854582506	0.007500015199184418
45.2	0.22955023	0.16184652134558591	0.007250010967254639
45.4	0.23070027	0.1626883860647327	0.005875155329704285
45.6	0.23190029	0.16337806148328918	0.006625056266784668
45.8	0.23335029	0.16421107914331448	0.00737510621547699
46.0	0.23485033	0.16472090481830537	0.006375052034854889
46.2	0.23590031	0.1650793465588784	0.005749985575675964
46.4	0.23715033	0.16564232115899452	0.006874985992908478
46.6	0.2386503	0.1661284936391928	0.008250027894973755
46.8	0.24045034	0.1670817118808151	0.007750093936920166
47.0	0.24175034	0.16786731735461924	0.004999898374080658
47.2	0.2424503	0.16791515122660597	0.005124993622303009
47.4	0.24380034	0.1689720703311307	0.006750188767910004
47.6	0.24515037	0.1698204234862521	0.007000155746936798
47.8	0.2466004	0.16998070785630828	0.006750002503395081
48.0	0.24785037	0.1705663463446603	0.006874985992908478
48.2	0.2493504	0.17139742716034434	0.007250197231769562
48.4	0.25075045	0.1719358537896434	0.006875097751617432
48.6	0.25210044	0.1723385930164459	0.006999969482421875
48.8	0.25355044	0.1728580277115665	0.005875080823898315
49.0	0.25445047	0.1731839997270421	0.005625113844871521
49.2	0.2558005	0.17424511594890082	0.006249845027923584
49.4	0.2569504	0.1744253357405119	0.005749911069869995
49.6	0.25810045	0.1749411056300971	0.006125196814537048
49.8	0.2594005	0.175731728717617	0.005625039339065552
50.0	0.26035047	0.17629627898979658	0.004874914884567261
50.2	0.26135045	0.17668808105311498	0.006625130772590637
50.4	0.26300052	0.17730200302266674	0.008250176906585693
50.6	0.26465052	0.17774385502781437	0.006874874234199524
50.8	0.26575047	0.1785901394747604	0.004999861121177673
51.0	0.26665047	0.1792352579446127	0.005999952554702759
51.2	0.26815045	0.17993909514618442	0.007499903440475464
51.4	0.26965043	0.18111150725716751	0.0066249072551727295
51.6	0.2708004	0.18152785011628	0.006499961018562317
51.8	0.2722504	0.18220164075434694	0.00849984586238861
52.0	0.27420035	0.18291899869644415	0.007999911904335022
52.2	0.27545038	0.1827971486851	0.005875006318092346
52.4	0.27655035	0.18343281522393104	0.006749927997589111
52.6	0.27815035	0.1843232962769322	0.007750019431114197
52.8	0.27965036	0.18509018762291907	0.007250085473060608
53.0	0.28105038	0.18526574893834957	0.007124990224838257
53.2	0.28250036	0.18604770977882226	0.007499754428863525
53.4	0.2840503	0.18686384782069917	0.006624758243560791
53.6	0.28515026	0.18735521831878005	0.006749927997589111
53.8	0.28675026	0.18812745051419275	0.007000043988227844
54.0	0.28795028	0.18875194740239343	0.006749927997589111
54.2	0.28945023	0.18980568391425046	0.007124841213226318
54.4	0.2908002	0.19018506812168381	0.006999894976615906
54.6	0.2922502	0.19127842904152906	0.006874948740005493
54.8	0.2935502	0.19227817776286157	0.006875097751617432
55.0	0.29500023	0.19300259069067538	0.007875114679336548
55.2	0.29670024	0.19359522251140143	0.008624941110610962
55.4	0.2984502	0.19461525560867657	0.008624717593193054
55.6	0.30015013	0.19542895553596848	0.00787489116191864
55.8	0.30160016	0.19632228475348545	0.0073750317096710205
56.0	0.30310014	0.1966987283195624	0.007624700665473938
56.2	0.30465004	0.19737243111948355	0.006749778985977173
56.4	0.30580005	0.1977532782587436	0.006375163793563843
56.6	0.3072001	0.19833849768397108	0.007750019431114197
56.8	0.30890006	0.19896177878121002	0.007374882698059082
57.0	0.31015006	0.19962333810493557	0.0063750892877578735
57.2	0.3114501	0.19984092839699696	0.00687524676322937
57.4	0.31290016	0.2006329713436062	0.007375180721282959
57.6	0.31440017	0.2014389219644877	0.007250010967254639
57.8	0.31580016	0.20216418901712938	0.0077499449253082275
58.0	0.31750014	0.20292547821754578	0.008874982595443726
58.2	0.31935015	0.20366167321116202	0.007999911904335022
58.4	0.3207001	0.20418498833952872	0.006999745965003967
58.6	0.32215005	0.20479716061093164	0.00837467610836029
58.8	0.32404998	0.20559449732883442	0.009374767541885376
59.0	0.32589996	0.2066015234238193	0.009500011801719666
59.2	0.32784998	0.20759787325566595	0.00974990427494049
59.4	0.32979992	0.20837936499503396	0.0072498619556427
59.6	0.33074993	0.2086670481938842	0.0070001184940338135
59.8	0.33259997	0.20944507425416636	0.008125156164169312
60.0	0.334	0.2097951367839559	0.008375123143196106
60.2	0.33595002	0.2102976388060718	0.008249878883361816
60.4	0.33729994	0.21084048326503552	0.0073750317096710205
60.6	0.33890003	0.21167614281393596	0.008000284433364868
60.8	0.34050006	0.2120842979500071	0.007125064730644226
61.0	0.34175006	0.21228386015983494	0.006250143051147461
61.2	0.3430001	0.212887292642492	0.006750226020812988
61.4	0.34445015	0.21332298813382386	0.0073750317096710205
61.6	0.34595013	0.21361436495776037	0.0073750317096710205
61.8	0.34740016	0.21419206100480756	0.00812523066997528
62.0	0.34920022	0.21481238108738263	0.007250159978866577
62.2	0.35030022	0.21508116969840838	0.006000250577926636
62.4	0.35160032	0.21577173030903168	0.007250159978866577
62.6	0.3532003	0.21614754062614977	0.007874667644500732
62.8	0.3547502	0.21690997462513303	0.006999596953392029
63.0	0.35600013	0.21712668974512778	0.006125122308731079
63.2	0.35720024	0.21728589287258132	0.005875080823898315
63.4	0.35835016	0.21745752896009485	0.006249770522117615
63.6	0.35970014	0.2183023347370595	0.007624924182891846
63.8	0.36140013	0.21879222871448123	0.006749927997589111
64.0	0.3624001	0.21900054658533752	0.007750168442726135
64.2	0.3645002	0.21996533737529178	0.009374916553497314
64.4	0.36615008	0.22043519896482167	0.006999671459197998
64.6	0.36730006	0.22077298198774298	0.006499961018562317
64.8	0.36875007	0.22132766822303437	0.006374940276145935
65.0	0.36985004	0.22197629812534542	0.007249787449836731
65.2	0.37164998	0.22215709973936046	0.007499679923057556
65.4	0.3728499	0.222778761980304	0.00774972140789032
65.6	0.37474987	0.22369608124854629	0.0089997798204422
65.8	0.37644982	0.22433879951894484	0.007999911904335022
66.0	0.37794983	0.22496954680945114	0.008375048637390137
66.2	0.37979984	0.2257143313747616	0.007749870419502258
66.4	0.38104978	0.2261932739900024	0.007374882698059082
66.6	0.3827498	0.2263071737560384	0.007874816656112671
66.8	0.3841997	0.22672749968053077	0.007874593138694763
67.0	0.38589963	0.22755480434197609	0.007124766707420349
67.2	0.38704962	0.2274858168325844	0.007750019431114197
67.4	0.38899964	0.22850382782989775	0.008250027894973755
67.6	0.39034963	0.22896370189833634	0.007374882698059082
67.8	0.3919496	0.22938547641867993	0.0072498619556427
68.0	0.39324957	0.22956902399389323	0.006499961018562317
68.2	0.39454958	0.2300712854118413	0.005874931812286377
68.4	0.39559954	0.23048999835899242	0.006625056266784668
68.6	0.3971996	0.23059089095623056	0.007250010967254639
68.8	0.39849955	0.23094966856767798	0.008749887347221375
69.0	0.40069956	0.2312996095284099	0.010000020265579224
69.2	0.40249956	0.23172990572497737	0.009500011801719666
69.4	0.40449956	0.23208780481935287	0.009249895811080933
69.6	0.4061995	0.2330913109724392	0.008249953389167786
69.8	0.40779954	0.23352550028528818	0.007875114679336548
70.0	0.40934956	0.23406212160145076	0.007500126957893372
70.2	0.4107996	0.23428264868330667	0.008000433444976807
70.4	0.41254973	0.23462735759002865	0.0075004249811172485
70.6	0.41379976	0.2350841539465053	0.007124990224838257
70.8	0.41539973	0.2353355888557737	0.007999837398529053
71.0	0.4169997	0.2356925951947074	0.00862516462802887
71.2	0.4188498	0.23596011775974132	0.00925011932849884
71.4	0.42069975	0.2360116720675045	0.008874908089637756
71.6	0.42239976	0.23643865920020732	0.007250159978866577
71.8	0.4235998	0.23662848481870485	0.008249953389167786
72.0	0.42569974	0.23743316815093465	0.008874908089637756
72.2	0.42714977	0.23721377917364847	0.0067503005266189575
72.4	0.42839986	0.2377781308895521	0.0077502429485321045
72.6	0.43024987	0.2378496102498738	0.007374882698059082
72.8	0.4313498	0.23801192645102578	0.005374923348426819
73.0	0.43239984	0.23823358255616015	0.007250010967254639
73.2	0.43424982	0.23895488522838423	0.008750110864639282
73.4	0.43589988	0.23910497576074047	0.008250102400779724
73.6	0.43754986	0.23905542642200348	0.00837475061416626
73.8	0.43924978	0.23915881096129957	0.008374899625778198
74.0	0.44089982	0.23913843266634288	0.007999986410140991
74.2	0.44244978	0.23914534799615192	0.007499977946281433
74.4	0.4438998	0.23935912267190818	0.007625147700309753
74.6	0.44549984	0.23964504894014846	0.008000284433364868
74.8	0.44709992	0.24024277195669236	0.00937536358833313
75.0	0.44924998	0.24073208553964975	0.010000094771385193
75.2	0.45109996	0.24131678172650994	0.007875189185142517
75.4	0.45240006	0.2418041337935751	0.007125139236450195
75.6	0.45395002	0.2422331452463397	0.005749911069869995
75.8	0.45470002	0.24253434619029973	0.005374923348426819
76.0	0.4561	0.24288431393660223	0.007999688386917114
76.2	0.4578999	0.24330554664573772	0.00837475061416626
76.4	0.4594499	0.24384051627979036	0.007750168442726135
76.6	0.46099997	0.24402663768088634	0.007250159978866577
76.8	0.46234995	0.24398765834239539	0.006499886512756348
77.0	0.46359992	0.24410047072461596	0.007374957203865051
77.2	0.46529993	0.24436838783292203	0.008125156164169312
77.4	0.46684998	0.24459880891497943	0.008250102400779724
77.6	0.46859998	0.2447938720900442	0.008749961853027344
77.8	0.47034997	0.24558781997024984	0.006875097751617432
78.0	0.47135	0.24593022866221895	0.006499961018562317
78.2	0.47294995	0.24577590699827317	0.007749870419502258
78.4	0.47444996	0.24576349691431623	0.00737510621547699
78.6	0.4759	0.24575229351811614	0.007624998688697815
78.8	0.47749996	0.2459649361786817	0.008875057101249695
79.0	0.47945002	0.24654654028379044	0.007499977946281433
79.2	0.48049995	0.24684964826404485	0.005124807357788086
79.4	0.48149994	0.24691648172504563	0.0070001184940338135
79.6	0.4833	0.24742899786661426	0.007875040173530579
79.8	0.48464996	0.24781419900859966	0.007624924182891846
80.0	0.48634997	0.24836701940585237	0.008500069379806519
80.2	0.48804998	0.24882664071956243	0.008624792098999023
80.4	0.4897999	0.24914043996759824	0.008874759078025818
80.6	0.4915999	0.24936807871145353	0.007624998688697815
80.8	0.4928499	0.24970257715170485	0.006125122308731079
81.0	0.49404994	0.24994418641123733	0.0070001184940338135
81.2	0.49564993	0.25034691330687375	0.007999762892723083
81.4	0.49724984	0.2508285011095094	0.009499862790107727
81.6	0.49944988	0.25092268974510357	0.009375065565109253
81.8	0.50099987	0.2509362456851272	0.00774972140789032
82.0	0.50254977	0.2513284642341985	0.008124709129333496
82.2	0.50424975	0.2516534063249245	0.007999688386917114
82.4	0.50574964	0.2516236018382539	0.007874816656112671
82.6	0.5073997	0.2517145992763105	0.007875114679336548
82.8	0.5088997	0.25229108085681207	0.007875263690948486
83.0	0.5105498	0.25304386372031124	0.009250342845916748
83.2	0.5125998	0.25351773029670654	0.008750110864639282
83.4	0.5140498	0.25361407117066004	0.006124973297119141
83.6	0.5150498	0.2536552720126467	0.006375014781951904
83.8	0.51659983	0.25361277454571096	0.007375180721282959
84.0	0.5179999	0.2539114007609563	0.006875097751617432
84.2	0.5193499	0.2539253374368141	0.006499737501144409
84.4	0.5205998	0.25416655840704794	0.0054995715618133545
84.6	0.5215497	0.2542008987150046	0.00599980354309082
84.8	0.5229997	0.25422627595447833	0.008249878883361816
85.0	0.52484965	0.2547252967906008	0.008375048637390137
85.2	0.5263497	0.2547904567201005	0.007625073194503784
85.4	0.5278997	0.2546793851572811	0.007624924182891846
85.6	0.5293997	0.25493261691054964	0.008250027894973755
85.8	0.5311997	0.2546989579652675	0.010125041007995605
86.0	0.5334497	0.2545262201621005	0.008375197649002075
86.2	0.5345498	0.2544873213897941	0.007375478744506836
86.4	0.5363999	0.2550098807383956	0.007625669240951538
86.6	0.53760004	0.2552474080686671	0.008125454187393188
86.8	0.5396501	0.2562428082951086	0.007875114679336548
87.0	0.5407501	0.2564603999564637	0.006624758243560791
87.2	0.5423	0.2564190109319547	0.006749778985977173
87.4	0.54345	0.2566507290544508	0.007625222206115723
87.6	0.5453501	0.25660451417326063	0.007500201463699341
87.8	0.5464501	0.2565538864585667	0.005624890327453613
88.0	0.54760003	0.25675715993535936	0.00599980354309082
88.2	0.54885	0.25665380715243186	0.006749778985977173
88.4	0.55029994	0.2565539107298925	0.007874816656112671
88.6	0.5519999	0.25651705428922456	0.007124841213226318
88.8	0.5531499	0.2566467936088754	0.006499886512756348
89.0	0.5545999	0.2570969450134571	0.007250010967254639
89.2	0.5560499	0.2569355885438706	0.006999969482421875
89.4	0.55739987	0.25681752111751693	0.007874816656112671
89.6	0.5591998	0.2568469566463948	0.008249878883361816
89.8	0.5606998	0.2568472486228412	0.007124990224838257
90.0	0.5620498	0.25688965848428186	0.007249712944030762
90.2	0.5635997	0.25724509544692686	0.008250325918197632
90.4	0.56534994	0.2573846859652666	0.008500367403030396
90.6	0.56699985	0.25748009464333743	0.008249878883361816
90.8	0.5686499	0.25772015195883713	0.00849992036819458
91.0	0.5703998	0.2575147359732213	0.00849992036819458
91.2	0.57204986	0.25736413268082053	0.0077499449253082275
91.4	0.5734998	0.25735724057778187	0.007499903440475464
91.6	0.5750498	0.25767226623302136	0.00675007700920105
91.8	0.5761998	0.2576112561016963	0.0062499940395355225
92.0	0.5775498	0.2580765326703021	0.006874650716781616
92.2	0.5789497	0.25816544431337624	0.005874931812286377
92.4	0.5798998	0.25802323369396424	0.006500184535980225
92.6	0.58154976	0.2583352407003763	0.008624643087387085
92.8	0.58334965	0.25828332622462796	0.009000301361083984
93.0	0.5851499	0.2583737148875612	0.008250772953033447
93.2	0.58664995	0.2577969677337313	0.008750557899475098
93.4	0.5886501	0.2578442873325251	0.008750110864639282
93.6	0.59015	0.2572653813846753	0.006874501705169678
93.8	0.5913999	0.25733448847749446	0.005874931812286377
94.0	0.5925	0.25729117545304364	0.005999952554702759
94.2	0.5937999	0.2575394318039547	0.006749778985977173
94.4	0.5951999	0.25736541911598326	0.006500333547592163
94.6	0.5964	0.2573364316360578	0.006750822067260742
94.8	0.5979002	0.2572461644103605	0.008625239133834839
95.0	0.5998501	0.25710401917182973	0.00812441110610962
95.2	0.60115	0.25679013943071455	0.007624924182891846
95.4	0.6029001	0.2569758513723993	0.008999854326248169
95.6	0.6047499	0.2572254570119541	0.008374452590942383
95.8	0.60624987	0.25695998852271845	0.006625056266784668
96.0	0.60739994	0.2571191129126422	0.0062499940395355225
96.2	0.60874987	0.2571593585651661	0.006374716758728027
96.4	0.6099498	0.25735869075435525	0.005374997854232788
96.6	0.61089987	0.2572181724927746	0.005750060081481934
96.8	0.61224985	0.25732748736139366	0.008125454187393188
97.0	0.61415005	0.2573660346298526	0.009375512599945068
97.2	0.61600006	0.2569221638900239	0.008500367403030396
97.4	0.6175502	0.2566115659440443	0.0077502429485321045
97.6	0.61910015	0.2565934300328621	0.007124841213226318
97.8	0.62040013	0.25613246244480625	0.005249977111816406
98.0	0.62120014	0.2559405367922587	0.005624890327453613
98.2	0.6226501	0.2558114070128652	0.008125156164169312
98.4	0.6244502	0.2558704670673318	0.0077502429485321045
98.6	0.6257502	0.256084821855152	0.0069998204708099365
98.8	0.62725013	0.2561736442699444	0.008749663829803467
99.0	0.62925005	0.25617754792586694	0.009249746799468994
99.2	0.63095003	0.25608513439656166	0.008624792098999023
99.4	0.63269997	0.25586267525038653	0.007624626159667969
99.6	0.6339999	0.2556442814343005	0.0073747336864471436
99.8	0.63564986	0.2552578620209001	0.0066249072551727295
100.0	0.63664985	0.25530232306129447	0.005625039339065552
100.2	0.6378999	0.2552128301408851	0.006000250577926636
100.4	0.63904995	0.25514230558001194	0.007124841213226318
100.6	0.6407498	0.25487631523218196	0.0073747336864471436
100.8	0.64199984	0.25455058158333604	0.00562518835067749
101.0	0.6429999	0.2545407602336877	0.005875080823898315
101.2	0.6443499	0.25453993050054713	0.006000101566314697
101.4	0.6453999	0.25470343277654883	0.006125122308731079
101.6	0.6467999	0.2545186804527112	0.007875114679336548
101.8	0.64855	0.25395943816792566	0.007625073194503784
102.0	0.64984995	0.2541308250983021	0.006125271320343018
102.2	0.6510001	0.25415349353491345	0.006375312805175781
102.4	0.6524001	0.25395715836249516	0.007874816656112671
102.6	0.65415	0.25395920277083295	0.007499903440475464
102.8	0.65540004	0.25380275644700684	0.007125288248062134
103.0	0.6570001	0.2534284876592431	0.007250458002090454
103.2	0.6583002	0.25328069081083476	0.007250010967254639
103.4	0.6599001	0.2529564950765419	0.006874650716781616
103.6	0.6610501	0.25282483410276796	0.005875080823898315
103.8	0.66225016	0.25294749799381855	0.006375014781951904
104.0	0.6636001	0.25306133503162637	0.006249845027923584
104.2	0.6647501	0.2529227881380819	0.0070001184940338135
104.4	0.66640013	0.25297438278459045	0.006625056266784668
104.6	0.6674001	0.25246235219045304	0.006625056266784668
104.8	0.66905016	0.2523877885074107	0.007500052452087402
105.0	0.67040014	0.2524358121497348	0.006500035524368286
105.2	0.6716502	0.252306909696517	0.0062499940395355225
105.4	0.67290014	0.25227086264936943	0.0070001184940338135
105.6	0.6744502	0.25191207901947615	0.008624941110610962
105.8	0.6763501	0.25199836630461164	0.007874667644500732
106.0	0.6776001	0.2521571694864317	0.006124675273895264
106.2	0.6788	0.2515562743782348	0.004999935626983643
106.4	0.67960006	0.2516224117364584	0.004874765872955322
106.6	0.6807499	0.2514198413932449	0.005249381065368652
106.8	0.6816998	0.25155537769814795	0.0051246583461761475
107.0	0.68279976	0.2512850135222549	0.006249845027923584
107.2	0.68419975	0.25080940587472056	0.005875229835510254
107.4	0.68514985	0.25073287696185126	0.004875212907791138
107.6	0.68614984	0.25062058324150577	0.006375014781951904
107.8	0.68769985	0.2505268610578161	0.007250308990478516
108.0	0.68904996	0.2505545784217301	0.007125735282897949
108.2	0.69055015	0.25032617849179817	0.0072509050369262695
108.4	0.6919503	0.25007538219624725	0.0073753297328948975
108.6	0.6935003	0.24999549853382752	0.007250010967254639
108.8	0.6948503	0.2499219414870618	0.005875378847122192
109.0	0.69585043	0.24972039491501255	0.005250424146652222
109.2	0.6969505	0.24963612639732213	0.005625337362289429
109.4	0.69810057	0.24970260177910408	0.005875229835510254
109.6	0.6993006	0.24974888992534092	0.0066249072551727295
109.8	0.7007505	0.24985382827377536	0.005999952554702759
110.0	0.70170057	0.2497240662722969	0.005750209093093872
110.2	0.7030506	0.24937561395930524	0.006500333547592163
110.4	0.7043007	0.24934215052661754	0.006250441074371338
110.6	0.7055508	0.2488708435465039	0.005750209093093872
110.8	0.7066008	0.24837761418326929	0.005000084638595581
111.0	0.7075508	0.24796268987817247	0.004624873399734497
111.2	0.70845073	0.2481453113361414	0.0054995715618133545
111.4	0.70975065	0.24788593487817323	0.006749927997589111
111.6	0.7111507	0.2473118992639656	0.008000433444976807
111.8	0.7129508	0.24715338685947083	0.006875395774841309
112.0	0.71390086	0.24721809801095698	0.005125254392623901
112.2	0.7150009	0.24706274099449393	0.005999952554702759
112.4	0.71630085	0.2468690119968459	0.005624592304229736
112.6	0.71725076	0.24649530556683868	0.004874765872955322
112.8	0.71825075	0.24635226108620756	0.006249547004699707
113.0	0.7197506	0.24602324223392613	0.0072498619556427
113.2	0.7211507	0.24566272749614476	0.005625337362289429
113.4	0.7220007	0.24552189110236927	0.005124956369400024
113.6	0.7232007	0.24539103278105764	0.006250441074371338
113.8	0.7245009	0.24496887338071208	0.0053754448890686035
114.0	0.72535086	0.24484663860585454	0.005124807357788086
114.2	0.7265508	0.2447194237665107	0.005875080823898315
114.4	0.7277009	0.2441673770995824	0.005750060081481934
114.6	0.72885084	0.24363943940167931	0.006124526262283325
114.8	0.7301507	0.2427518826109487	0.007249712944030762
115.0	0.7317507	0.242465330435756	0.008250176906585693
115.2	0.7334508	0.24187516709197363	0.007500350475311279
115.4	0.73475087	0.24139166620218822	0.006125122308731079
115.6	0.7359008	0.24122849718847936	0.005125105381011963
115.8	0.7368009	0.24135194004804153	0.004875063896179199
116.0	0.73785084	0.24129831193900467	0.006000101566314697
116.2	0.73920095	0.24082848465935797	0.0070001184940338135
116.4	0.7406509	0.24055160882733165	0.006874948740005493
116.6	0.7419509	0.24043230917935887	0.005749762058258057
116.8	0.7429508	0.24024528370981796	0.00462457537651062
117.0	0.74380076	0.2399928308027557	0.005500167608261108
117.2	0.74515086	0.2395390891781477	0.005875080823898315
117.4	0.7461508	0.2392230658892034	0.005374997854232788
117.6	0.74730086	0.2388466220487888	0.006125420331954956
117.8	0.74860096	0.23858549589156477	0.006250143051147461
118.0	0.7498009	0.2380020142633949	0.00599980354309082
118.2	0.7510009	0.23791594903263233	0.005249679088592529
118.4	0.7519008	0.2378789372356539	0.004374682903289795
118.6	0.75275075	0.23781281787661904	0.00537484884262085
118.8	0.75405073	0.2376995926717196	0.0066252052783966064
119.0	0.75540084	0.23719367175029205	0.00512540340423584
119.2	0.7561009	0.23718724433503371	0.003375113010406494
119.4	0.7567509	0.2366789712597672	0.004624873399734497
119.6	0.75795084	0.23653603418999314	0.00550001859664917
119.8	0.7589509	0.23630995646554134	0.006374865770339966
120.0	0.7605008	0.2359549718199991	0.006624758243560791
120.2	0.7616008	0.23577624544664988	0.005374699831008911
120.4	0.76265067	0.23540916596205833	0.005249828100204468
120.6	0.7637007	0.23482399530530274	0.004374980926513672
120.8	0.76440066	0.23459036223547353	0.003500133752822876
121.0	0.7651008	0.23433307071752033	0.004375278949737549
121.2	0.7661508	0.23383044189295898	0.005249828100204468
121.4	0.7672007	0.23347196571009435	0.004624873399734497
121.6	0.7680007	0.2333366639666651	0.005000084638595581
121.8	0.76920074	0.2325647394557806	0.006000101566314697
122.0	0.77040076	0.23276348248453382	0.006000101566314697
122.2	0.7716008	0.23247244584728363	0.00562518835067749
122.4	0.77265084	0.23219491025391334	0.004750341176986694
122.6	0.7735009	0.23170616918794346	0.004874765872955322
122.8	0.77460074	0.23117058378068772	0.004874765872955322
123.0	0.7754508	0.2311380459944649	0.004500448703765869
123.2	0.7764009	0.23067951532183192	0.004874914884567261
123.4	0.7774008	0.23047611189888811	0.005625039339065552
123.6	0.77865094	0.23006885005207958	0.00525057315826416
123.8	0.779501	0.22973843439967923	0.00400051474571228
124.0	0.78025115	0.22919955544740042	0.0037504732608795166
124.2	0.7810012	0.22901746374693327	0.004250258207321167
124.4	0.78195125	0.22876121985171824	0.004624873399734497
124.6	0.78285116	0.22797669999954237	0.005374699831008911
124.8	0.7841011	0.2273591624318995	0.004874914884567261
125.0	0.7848011	0.22728607242723303	0.0042501091957092285
125.2	0.7858012	0.2269545300423364	0.004375278949737549
125.4	0.78655124	0.22663096916758488	0.004374980926513672
125.6	0.78755116	0.22635701046860396	0.004499554634094238
125.8	0.78835106	0.2260238399845085	0.004125237464904785
126.0	0.78920126	0.22583923214198723	0.004125684499740601
126.2	0.79000133	0.2257875067111138	0.004499852657318115
126.4	0.7910012	0.22546396336782318	0.004374682903289795
126.6	0.7917512	0.22548710757373377	0.005250424146652222
126.8	0.7931014	0.2252829070035572	0.0053754448890686035
127.0	0.7939014	0.22471712921586198	0.004750639200210571
127.2	0.7950016	0.22407587737547327	0.0046256184577941895
127.4	0.79575163	0.22351607480809405	0.004500150680541992
127.6	0.7968017	0.22303533095195285	0.004625171422958374
127.8	0.7976017	0.22256288737012112	0.004874914884567261
128.0	0.79875165	0.22253299914069463	0.004499852657318115
128.2	0.79940164	0.22224904685675725	0.004499703645706177
128.4	0.80055153	0.22195088710794095	0.005249381065368652
128.6	0.8015014	0.22133176182758793	0.004499852657318115
128.8	0.8023515	0.22118312839034593	0.004375427961349487
129.0	0.80325156	0.22114912537659126	0.0057506561279296875
129.2	0.80465174	0.2206827503524879	0.00512540340423584
129.4	0.8053017	0.22044706443358875	0.004000067710876465
129.6	0.80625176	0.22016683759080302	0.004625171422958374
129.8	0.8071518	0.21987809423823104	0.003999769687652588
130.0	0.8078517	0.21925071575830193	0.0038751959800720215
130.2	0.8087019	0.2187791327846898	0.0036254525184631348
130.4	0.80930185	0.2187315910667106	0.003999918699264526
130.6	0.81030184	0.2182290274245783	0.004499703645706177
130.8	0.81110173	0.21809811642635513	0.0033745169639587402
131.0	0.81165165	0.21785723744749635	0.002750009298324585
131.2	0.81220174	0.21779843675944927	0.0036253035068511963
131.4	0.81310177	0.21750491727240712	0.004124641418457031
131.6	0.8138516	0.21719962365711667	0.004249364137649536
131.8	0.8148015	0.21663554273062574	0.004124641418457031
132.0	0.81550145	0.21617064782171105	0.0037497282028198242
132.2	0.8163014	0.21569494286527363	0.00424996018409729
132.4	0.81720144	0.21520724513829226	0.0036253035068511963
132.6	0.8177515	0.2149242577366334	0.002875030040740967
132.8	0.81835145	0.21474584022579832	0.004499852657318115
133.0	0.81955147	0.2143835268213435	0.005999952554702759
133.2	0.8207514	0.21386195678496547	0.006124824285507202
133.4	0.8220014	0.21309856491714665	0.006125122308731079
133.6	0.8232015	0.21250119619832192	0.0057503581047058105
133.8	0.82430154	0.2119186361823657	0.004499852657318115
134.0	0.8250014	0.21149467687016277	0.0037497282028198242
134.2	0.82580143	0.21113824456506622	0.004374831914901733
134.4	0.82675135	0.21053963180511379	0.00412479043006897
134.6	0.82745135	0.21033068387889456	0.004500150680541992
134.8	0.8285514	0.20980323306020052	0.0036253035068511963
135.0	0.82890147	0.20964204813554257	0.002750605344772339
135.2	0.82965165	0.20900568410199474	0.004250556230545044
135.4	0.8306017	0.2085752600111084	0.003999918699264526
135.6	0.8312516	0.20817285280167477	0.003874748945236206
135.8	0.8321516	0.2074581311393497	0.004624873399734497
136.0	0.8331016	0.20679552371080348	0.004874914884567261
136.2	0.83410156	0.20633029113860724	0.004624873399734497
136.4	0.8349515	0.20598785548275236	0.0036250054836273193
136.6	0.83555156	0.20548405345774745	0.004374831914901733
136.8	0.83670145	0.20516605163945462	0.003874748945236206
137.0	0.83710146	0.20511847587418328	0.0032502412796020508
137.2	0.83800155	0.20453850194059514	0.004625171422958374
137.4	0.8389515	0.20379007901071997	0.004874765872955322
137.6	0.83995146	0.2033752599056529	0.00412479043006897
137.8	0.84060144	0.2030188148825295	0.003625154495239258
138.0	0.8414015	0.20268457976482399	0.003999918699264526
138.2	0.8422014	0.20248249028672088	0.003999918699264526
138.4	0.8430015	0.2018935342587701	0.003875046968460083
138.6	0.84375143	0.20168896016968202	0.0037495791912078857
138.8	0.8445013	0.2013448506749858	0.0038751959800720215
139.0	0.8453015	0.20099231130449552	0.00387534499168396
139.2	0.84605145	0.2005789038876507	0.003874748945236206
139.4	0.8468514	0.19971874317196756	0.004874765872955322
139.6	0.84800136	0.1989748706528114	0.004624724388122559
139.8	0.8487013	0.1989052759786988	0.003499835729598999
140.0	0.8494013	0.1986319178424189	0.0034999847412109375
140.2	0.8501013	0.19817918440374363	0.005000382661819458
140.4	0.85140145	0.1978586334740735	0.00512540340423584
140.6	0.85215145	0.19755474315505667	0.003124624490737915
140.8	0.8526513	0.19704181420736724	0.002624988555908203
141.0	0.85320145	0.1969765443664148	0.0027507543563842773
141.2	0.8537516	0.1967318899775612	0.003625154495239258
141.4	0.8546515	0.1962928336853033	0.004124939441680908
141.6	0.8554016	0.1962927381271909	0.002875030040740967
141.8	0.8558015	0.19597540401492736	0.0027498602867126465
142.0	0.8565015	0.19587687202207585	0.0028748810291290283
142.2	0.8569515	0.1959316115437074	0.0028748810291290283
142.4	0.8576515	0.19566291525112517	0.003500133752822876
142.6	0.8583515	0.195186517151015	0.0032503902912139893
142.8	0.8589516	0.19450551770262695	0.0032502412796020508
143.0	0.8596516	0.1943048543515722	0.004000216722488403
143.2	0.8605517	0.19354895124917038	0.003750324249267578
143.4	0.86115175	0.19317913029763434	0.0030000507831573486
143.6	0.86175174	0.19300113056229268	0.003374814987182617
143.8	0.8625017	0.19266226647103388	0.0032500922679901123
144.0	0.8630518	0.1919301866004157	0.0038751959800720215
144.2	0.86405176	0.19149437707330166	0.003875046968460083
144.4	0.8646018	0.1912637942492362	0.0031253695487976074
144.6	0.8653019	0.19071158604910535	0.0035002827644348145
144.8	0.8660019	0.1903785677525181	0.00387534499168396
145.0	0.86685205	0.19003572419158105	0.0028751790523529053
145.2	0.867152	0.190035197974898	0.0023749470710754395
145.4	0.867802	0.18963955023219334	0.003375113010406494
145.6	0.868502	0.18929540154449637	0.0027498602867126465
145.8	0.86890197	0.1890047328053874	0.002374798059463501
146.0	0.86945194	0.18861123106365185	0.002875030040740967
146.2	0.870052	0.1883228517432415	0.0032502412796020508
146.4	0.87075204	0.18762179099235407	0.003125220537185669
146.6	0.87130207	0.1870329088536545	0.003125220537185669
146.8	0.8720021	0.18640278700035923	0.004500001668930054
147.0	0.87310207	0.1855704420296345	0.004624724388122559
147.2	0.873852	0.1853069789898727	0.0038748979568481445
147.4	0.874652	0.18491856711499394	0.003750026226043701
147.6	0.875352	0.18420064192365768	0.0028751790523529053
147.8	0.8758021	0.18357385184172467	0.0030000507831573486
148.0	0.87655205	0.18302348645176192	0.003249943256378174
148.2	0.8771021	0.18264881365132796	0.0028748810291290283
148.4	0.877702	0.18227097670030926	0.0029997527599334717
148.6	0.878302	0.18167033025643173	0.002374798059463501
148.8	0.8786519	0.1813606259420757	0.001999884843826294
149.0	0.87910193	0.18118551034511304	0.00299990177154541
149.2	0.8798519	0.1804895472566953	0.003124922513961792
149.4	0.8803519	0.17986488367433037	0.002000182867050171
149.6	0.88065195	0.17954964888310854	0.002875030040740967
149.8	0.8815019	0.17901885068056378	0.0028748810291290283
150.0	0.8818019	0.1786862031926697	0.0019997358322143555
150.2	0.8823018	0.17795142278307532	0.002249777317047119
150.4	0.8827018	0.17751256096433757	0.0023752450942993164
150.6	0.8832519	0.17733284061303936	0.0031250715255737305
150.8	0.88395184	0.1768753711352889	0.0034996867179870605
151.0	0.8846518	0.17624379802061832	0.003375113010406494
151.2	0.8853019	0.1759372317670158	0.0038751959800720215
151.4	0.88620186	0.1751558130215923	0.0037497282028198242
151.6	0.8868018	0.17498788379305333	0.0024999678134918213
151.8	0.88720185	0.17450260590415417	0.0018753111362457275
152.0	0.8875519	0.1743631163645652	0.002875030040740967
152.2	0.88835186	0.17372903337851556	0.003624856472015381
152.4	0.88900185	0.17308668032652488	0.003499835729598999
152.6	0.8897518	0.17208264433821685	0.004624873399734497
152.8	0.8908518	0.1713440314970989	0.0042501091957092285
153.0	0.89145184	0.17087830882884783	0.0027501583099365234
153.2	0.89195186	0.17036049166053407	0.003124922513961792
153.4	0.8927018	0.16953380138115942	0.0029997527599334717
153.6	0.89315176	0.1690135395416638	0.0026245415210723877
153.8	0.8937516	0.1683105360963303	0.0027498602867126465
154.0	0.8942517	0.1679119905313082	0.0028751790523529053
154.2	0.8949017	0.16732898622709277	0.002750009298324585
154.4	0.8953517	0.1670355564311498	0.0023752450942993164
154.6	0.8958518	0.1666441629864285	0.0022502243518829346
154.8	0.8962518	0.16626315472559178	0.002375096082687378
155.0	0.8968018	0.166101653050131	0.0025001168251037598
155.2	0.89725184	0.1657858157047877	0.0020000338554382324
155.4	0.89760184	0.16537605404603486	0.0018753111362457275
155.6	0.89800197	0.16533602028146746	0.0028753280639648438
155.8	0.898752	0.1645628659839505	0.0031247735023498535
156.0	0.8992519	0.1641247607539866	0.003249943256378174
156.2	0.90005195	0.16342428585547547	0.003125220537185669
156.4	0.90050197	0.163201561562691	0.0025002658367156982
156.6	0.90105206	0.16286926263598406	0.0030000507831573486
156.8	0.901702	0.16244109461842715	0.0029997527599334717
157.0	0.90225196	0.16193343453108164	0.0031250715255737305
157.2	0.902952	0.16130343041454534	0.00262528657913208
157.4	0.9033021	0.16107175323457784	0.0020003318786621094
157.6	0.90375215	0.1604631942471965	0.0025002658367156982
157.8	0.9043022	0.1596762639741325	0.0023752450942993164
158.0	0.90470225	0.1592573680632808	0.0025004148483276367
158.2	0.90530235	0.15897141040146068	0.00262528657913208
158.4	0.90575236	0.15841223722989228	0.0024999678134918213
158.6	0.90630233	0.15809905039134678	0.002624690532684326
158.8	0.90680224	0.1575079663326911	0.003499537706375122
159.0	0.90770215	0.15686207149103865	0.0033749639987945557
159.2	0.9081522	0.15641635829678888	0.001624971628189087
159.4	0.90835214	0.15643777403264675	0.0012499094009399414
159.6	0.9086522	0.15590919558034486	0.0017498433589935303
159.8	0.9090521	0.15562967867289873	0.0019997358322143555
160.0	0.9094521	0.15484895001825702	0.002250373363494873
160.2	0.9099522	0.1542514077549372	0.0028751790523529053
160.4	0.91060215	0.1537128469979993	0.003124624490737915
160.6	0.9112021	0.15318146047515063	0.0028751790523529053
160.8	0.9117522	0.153132091154882	0.003000199794769287
161.0	0.91240215	0.1522374454155761	0.0028748810291290283
161.2	0.9129022	0.15150442093740352	0.0021250545978546143
161.4	0.9132522	0.15103621124213334	0.0021250545978546143
161.6	0.9137522	0.1504441334099035	0.002624988555908203
161.8	0.9143022	0.14990166624823928	0.002250075340270996
162.0	0.9146522	0.14977609046854504	0.001875162124633789
162.2	0.91505224	0.14931844163023522	0.0021252036094665527
162.4	0.9155023	0.14897902448130973	0.0030000507831573486
162.6	0.91625226	0.14830184485655362	0.0032497942447662354
162.8	0.9168022	0.14748816725874236	0.0028751790523529053
163.0	0.9174023	0.14701101834369715	0.0028753280639648438
163.2	0.91795236	0.14637382648822883	0.0027501583099365234
163.4	0.9185024	0.145594469237558	0.0026248395442962646
163.6	0.9190023	0.14534097729201123	0.002249777317047119
163.8	0.9194023	0.1451331783201689	0.0017499923706054688
164.0	0.9197023	0.14500658492736138	0.0018748641014099121
164.2	0.92015225	0.14446964012579908	0.001999884843826294
164.4	0.92050225	0.1444290463312338	0.0015000998973846436
164.6	0.9207523	0.14409003143821758	0.0017501413822174072
164.8	0.9212023	0.1438247532602993	0.002000182867050171
165.0	0.92155236	0.14353778927164132	0.0017499923706054688
165.2	0.9219023	0.1433540709628705	0.0018748641014099121
165.4	0.9223023	0.14315274863997984	0.0021250545978546143
165.6	0.9227523	0.14282834802923106	0.002499818801879883
165.8	0.92330223	0.14227476768920805	0.0026248395442962646
166.0	0.92380226	0.14201605463607386	0.002499520778656006
166.2	0.92430204	0.14124273300901363	0.0018745660781860352
166.4	0.9245521	0.14119064151264812	0.0021250545978546143
166.6	0.92515206	0.1407479209065477	0.002750009298324585
166.8	0.9256521	0.14024826927006712	0.003000497817993164
167.0	0.92635226	0.13986842868781243	0.00387534499168396
167.2	0.9272022	0.139302404322651	0.003625154495239258
167.4	0.9278023	0.1389681973720192	0.0025001168251037598
167.6	0.9282023	0.1385271088723426	0.001499950885772705
167.8	0.9284023	0.13830560321996635	0.0011248886585235596
168.0	0.9286522	0.13808213910110298	0.0013747811317443848
168.2	0.9289522	0.13771128269627758	0.0013750791549682617
168.4	0.92920226	0.13710346352815098	0.002250075340270996
168.6	0.92985225	0.13631389270763267	0.003124922513961792
168.8	0.9304522	0.13540789279713478	0.002250075340270996
169.0	0.9307523	0.13539548530897783	0.0015000998973846436
169.2	0.93105227	0.13530852612831445	0.0019997358322143555
169.4	0.9315522	0.1351373280546013	0.0024996697902679443
169.6	0.93205214	0.13438860626359406	0.0017496943473815918
169.8	0.93225205	0.1343407514047898	9.997189044952393E-4
170.0	0.932452	0.1342739630566843	0.0017499923706054688
170.2	0.93295205	0.13381628265964518	0.002250075340270996
170.4	0.93335205	0.13311753174239685	0.0018750131130218506
170.6	0.93370205	0.13264354386928134	0.001624971628189087
170.8	0.93400204	0.1321892578770585	0.0017498433589935303
171.0	0.934402	0.13183944748735768	0.0013747811317443848
171.2	0.93455195	0.1318665894509201	0.001125037670135498
171.4	0.934852	0.13157878794895095	0.0015000998973846436
171.6	0.935152	0.13132774774544118	0.0015000998973846436
171.8	0.93545204	0.1307508978574832	0.0013749301433563232
172.0	0.93570197	0.13067329467261882	0.0019997358322143555
172.2	0.93625194	0.12970519386274693	0.002250075340270996
172.4	0.936602	0.12924952559560712	0.0017501413822174072
172.6	0.936952	0.1291402236212992	0.0013747811317443848
172.8	0.9371519	0.1288696137052417	0.0017499923706054688
173.0	0.937652	0.12819897616767728	0.0016251206398010254
173.2	0.93780196	0.1282035880444444	0.001249760389328003
173.4	0.9381519	0.12773831582567668	0.0013747811317443848
173.6	0.93835187	0.12771756912441465	0.001624971628189087
173.8	0.9388019	0.1273952901384974	0.0018748641014099121
174.0	0.9391018	0.127126668913108	0.0011248886585235596
174.2	0.93925184	0.12697219106697366	0.0015000998973846436
174.4	0.93970186	0.12676320336439242	0.0022502243518829346
174.6	0.94015193	0.12655227181159062	0.0021250545978546143
174.8	0.9405519	0.12565109412067527	0.0012499094009399414
175.0	0.9406519	0.12551923140530305	0.0013749301433563232
175.2	0.94110185	0.12420060238920357	0.002374798059463501
175.4	0.9416018	0.1234481253966673	0.0022499263286590576
175.6	0.9420018	0.12315031456353241	0.001999884843826294
175.8	0.94240177	0.12303349128464591	0.002624988555908203
176.0	0.9430518	0.1220622689825331	0.002375096082687378
176.2	0.9433518	0.1215659370003184	0.0013750791549682617
176.4	0.94360185	0.12146620979665544	0.0012502074241638184
176.6	0.9438519	0.12126284275723054	0.0013750791549682617
176.8	0.9441519	0.12094741666699875	0.00162467360496521
177.0	0.94450176	0.1205394129477648	0.0013746321201324463
177.2	0.94470173	0.12038234733574382	9.998679161071777E-4
177.4	0.9449017	0.1202247481618806	8.749961853027344E-4
177.6	0.9450517	0.12013740905798918	0.0016251206398010254
177.8	0.94555175	0.11948931974375628	0.0020000338554382324
178.0	0.94585174	0.11916491580420875	0.0016251206398010254
178.2	0.9462018	0.11849286923976464	0.0010001659393310547
178.4	0.9462518	0.11850500905190774	7.499754428863525E-4
178.6	0.9465018	0.11837546070839317	0.001249760389328003
178.8	0.9467517	0.11775796190186785	8.748471736907959E-4
179.0	0.94685173	0.11776067930223925	0.0012499094009399414
179.2	0.9472517	0.11702537143210834	0.0014998018741607666
179.4	0.94745165	0.11698716753043477	0.0012499094009399414
179.6	0.94775164	0.1167580299617554	0.0022499263286590576
179.8	0.9483516	0.11599473058753229	0.0023749470710754395
180.0	0.9487016	0.11562140810357652	0.0016251206398010254
180.2	0.94900167	0.11542963228303664	0.0016248226165771484
180.4	0.94935155	0.11487853363089066	0.0017496943473815918
180.6	0.94970155	0.11476022824830438	0.0013749301433563232
180.8	0.9499015	0.11465160210258953	0.0017498433589935303
181.0	0.9504015	0.1143671277155546	0.001624971628189087
181.2	0.9505515	0.1141148435347441	6.249547004699707E-4
181.4	0.95065147	0.11400472528654394	9.998679161071777E-4
181.6	0.95095146	0.1134750963782505	0.0016254186630249023
181.8	0.95130163	0.11301906875148297	0.0017505884170532227
182.0	0.9516517	0.11244899955831207	0.002375096082687378
182.2	0.9522517	0.11165768015829504	0.002624988555908203
182.4	0.9527017	0.11152448182790464	0.0017499923706054688
182.6	0.95295167	0.11126004463646907	0.001124739646911621
182.8	0.9531516	0.11100710571823995	0.00162467360496521
183.0	0.95360154	0.11059855216629065	0.0017498433589935303
183.2	0.9538515	0.11014843321809388	0.0011248886585235596
183.4	0.9540515	0.11009585615276109	0.0010000169277191162
183.6	0.9542515	0.10988374551560856	8.749961853027344E-4
183.8	0.9544015	0.1098209452945261	7.498264312744141E-4
184.0	0.95455146	0.10950706601814973	9.998679161071777E-4
184.2	0.95480144	0.10888966904207771	0.0013749301433563232
184.4	0.95510143	0.10841581932613673	0.0011251866817474365
184.6	0.9552515	0.10816624878716276	0.0010000169277191162
184.8	0.95550144	0.10795716746865537	9.997189044952393E-4
185.0	0.9556514	0.1078219713113422	8.749961853027344E-4
185.2	0.95585144	0.10723002130698414	0.0020000338554382324
185.4	0.9564514	0.10647017178321183	0.0025001168251037598
185.6	0.9568515	0.10588001463406911	0.0011251866817474365
185.8	0.9569015	0.10577045866731578	9.998679161071777E-4
186.0	0.9572514	0.10547481915464928	0.0011248886585235596
186.2	0.95735145	0.10530183984913094	0.001875162124633789
186.4	0.9580015	0.1045992349080596	0.002250075340270996
186.6	0.9582515	0.10430454177085875	8.748471736907959E-4
186.8	0.95835143	0.1043205510311047	6.248056888580322E-4
187.0	0.9585014	0.10424850053530078	8.749961853027344E-4
187.2	0.95870143	0.1040639700113154	0.0018750131130218506
187.4	0.9592514	0.10332926709163133	0.002250075340270996
187.6	0.95960146	0.103018638476077	0.001125037670135498
187.8	0.9597014	0.10298499865693433	7.498264312744141E-4
188.0	0.9599014	0.10260112054738832	7.499754428863525E-4
188.2	0.9600014	0.10244510692488287	7.498264312744141E-4
188.4	0.9602013	0.10240097625783014	7.498264312744141E-4
188.6	0.96030134	0.10221990984350988	8.751451969146729E-4
188.8	0.9605514	0.10201077131241594	0.0010000169277191162
189.0	0.96070135	0.10190932223130998	7.499754428863525E-4
189.2	0.9608514	0.10173385599909915	7.499754428863525E-4
189.4	0.96100134	0.1014347074245525	0.0013747811317443848
189.6	0.9614013	0.10099524698141966	0.0016252696514129639
189.8	0.96165144	0.10088001528990868	0.0012502074241638184
190.0	0.96190137	0.10059020797997127	0.001249760389328003
190.2	0.96215135	0.1003736889285231	0.001125037670135498
190.4	0.9623514	0.09989983692893711	0.0010000169277191162
190.6	0.96255136	0.0996242817369296	7.498264312744141E-4
190.8	0.9626513	0.09953631217133817	8.749961853027344E-4
191.0	0.96290135	0.09903832592553372	0.0012502074241638184
191.2	0.9631514	0.0988917463242736	0.0013749301433563232
191.4	0.9634513	0.0986741986757041	0.001124739646911621
191.6	0.9636013	0.09869164090163825	7.498264312744141E-4
191.8	0.96375126	0.09858213576000575	8.748471736907959E-4
192.0	0.96395123	0.09852866332633295	8.749961853027344E-4
192.2	0.96410125	0.0983676267467518	8.754432201385498E-4
192.4	0.9643014	0.098033208646099	7.502734661102295E-4
192.6	0.96440136	0.0976352394210444	6.249547004699707E-4
192.8	0.9645514	0.0976514079594632	8.749961853027344E-4
193.0	0.96475136	0.09726220980190621	8.748471736907959E-4
193.2	0.9649013	0.09663327545517789	0.001125037670135498
193.4	0.9652014	0.09640518623982762	0.001125335693359375
193.6	0.96535146	0.09600456997964946	6.251037120819092E-4
193.8	0.9654514	0.09564934668988444	3.750622272491455E-4
194.0	0.9655015	0.09560203989061127	6.251037120819092E-4
194.2	0.96570146	0.09546470563620946	0.0013750791549682617
194.4	0.9660515	0.09473593556741985	0.001875162124633789
194.6	0.9664515	0.09416420496679394	0.0012502074241638184
194.8	0.9665516	0.09414668074087973	5.000829696655273E-4
195.0	0.96665156	0.09396955615140963	6.249547004699707E-4
195.2	0.9668016	0.09387630152061598	0.0011251866817474365
195.4	0.96710163	0.09342157148577333	0.001499950885772705
195.6	0.96740156	0.09299053712512358	0.0011248886585235596
195.8	0.9675516	0.09262557680672213	9.998679161071777E-4
196.0	0.9678015	0.09232096165423323	8.746981620788574E-4
196.2	0.96790147	0.0922745358669984	9.998679161071777E-4
196.4	0.96820146	0.09148092660388228	8.751451969146729E-4
196.6	0.9682515	0.09142995921249711	6.251037120819092E-4
196.8	0.9684515	0.09111584620603021	9.998679161071777E-4
197.0	0.9686515	0.09091027147472809	8.748471736907959E-4
197.2	0.96880144	0.09059006539367957	0.001125037670135498
197.4	0.9691015	0.09027840271274279	0.0016251206398010254
197.6	0.9694515	0.08943823271202132	0.0018748641014099121
197.8	0.96985143	0.08898582721810129	0.0014998018741607666
198.0	0.9700514	0.08885661235349282	0.0010000169277191162
198.2	0.97025144	0.08847280684373793	0.0010000169277191162
198.4	0.9704514	0.08820032562236674	0.0012499094009399414
198.6	0.9707514	0.0873609610441397	8.749961853027344E-4
198.8	0.9708014	0.08733475818973667	3.7491321563720703E-4
199.0	0.97090137	0.08711021756393145	3.7491321563720703E-4
199.2	0.9709514	0.08711255638492084	4.999339580535889E-4
199.4	0.97110134	0.0870906997131242	0.001125037670135498
199.6	0.9714014	0.08623827429553413	0.0012502074241638184
199.8	0.9716014	0.08586873698849179	8.751451969146729E-4
200.0	0.97175145	0.0855244847880892	0.0010000169277191162
200.2	0.97200143	0.08524083527980726	0.0011248886585235596
200.4	0.9722014	0.08454087763267815	8.748471736907959E-4
200.6	0.9723514	0.08445695647627066	5.000829696655273E-4
200.8	0.97240144	0.08442890497162632	3.750622272491455E-4
201.0	0.9725014	0.08440231048596111	4.997849464416504E-4
201.2	0.97260135	0.08431630920638403	4.999339580535889E-4
201.4	0.9727014	0.08431909628043875	7.499754428863525E-4
201.6	0.97290134	0.0842946618567466	0.0013750791549682617
201.8	0.9732514	0.08409481253499738	0.001125037670135498
202.0	0.97335136	0.08397783942630921	7.50124454498291E-4
202.2	0.97355145	0.08362354625150081	0.0013752281665802002
202.4	0.97390145	0.08269697724270221	0.00162467360496521
202.6	0.9742013	0.08215448830647451	8.746981620788574E-4
202.8	0.97425133	0.08203314890552973	7.502734661102295E-4
203.0	0.97450143	0.08154599945446386	7.502734661102295E-4
203.2	0.97455144	0.08102343817564917	6.249547004699707E-4
203.4	0.9747514	0.08068418366665601	9.998679161071777E-4
203.6	0.9749514	0.0803429993618036	9.998679161071777E-4
203.8	0.97515136	0.08009355490664065	7.496774196624756E-4
204.0	0.97525126	0.07996835332122357	4.997849464416504E-4
204.2	0.9753513	0.07974884053155472	5.002319812774658E-4
204.4	0.97545135	0.07965423772870119	7.50124454498291E-4
204.6	0.9756513	0.07943284941870954	8.749961853027344E-4
204.8	0.97580135	0.0793054858494896	8.748471736907959E-4
205.0	0.97600126	0.07911384250248911	0.0011248886585235596
205.2	0.9762513	0.07895212184341617	8.749961853027344E-4
205.4	0.97635126	0.07891880361494338	6.248056888580322E-4
205.6	0.9765012	0.07869402815267945	7.498264312744141E-4
205.8	0.9766512	0.07856384401289321	9.998679161071777E-4
206.0	0.9769012	0.07820735323285719	0.0010000169277191162
206.2	0.9770512	0.07804356199310955	8.751451969146729E-4
206.4	0.97725123	0.07774919650550617	6.251037120819092E-4
206.6	0.97730124	0.07768339649532086	6.251037120819092E-4
206.8	0.9775013	0.07690091072975073	8.749961853027344E-4
207.0	0.97765124	0.07627566812618987	5.000829696655273E-4
207.2	0.9777013	0.07617552130834651	6.249547004699707E-4
207.4	0.9779012	0.07613534029644621	9.998679161071777E-4
207.6	0.97810125	0.0755671230918885	0.0010000169277191162
207.8	0.9783012	0.0748606037988023	6.248056888580322E-4
208.0	0.9783512	0.07459073329398898	2.498924732208252E-4
208.2	0.9784012	0.07452140746848604	3.7491321563720703E-4
208.4	0.97850114	0.07451677664968862	6.251037120819092E-4
208.6	0.9786512	0.07434162693236375	6.254017353057861E-4
208.8	0.9787513	0.0739657871108654	3.750622272491455E-4
209.0	0.97880125	0.07382790907722223	8.746981620788574E-4
209.2	0.9791012	0.07326793388094635	0.001249760389328003
209.4	0.97930115	0.07322233287572753	8.746981620788574E-4
209.6	0.97945106	0.07297395195075353	4.996359348297119E-4
209.8	0.979501	0.07262747517811932	5.000829696655273E-4
210.0	0.9796511	0.07248018795319076	6.252527236938477E-4
210.2	0.9797511	0.07233559041784474	0.0013749301433563232
210.4	0.98020107	0.07150496501312466	0.0011248886585235596
210.6	0.98020107	0.07150496501312466	3.7491321563720703E-4
210.8	0.98035103	0.07145892188768911	3.7491321563720703E-4
211.0	0.98035103	0.07145892188768911	3.7491321563720703E-4
211.2	0.980501	0.0706735451702293	4.999339580535889E-4
211.4	0.980551	0.07063425219385372	3.7491321563720703E-4
211.6	0.98065096	0.07044911267540964	6.249547004699707E-4
211.8	0.980801	0.06972345441534598	7.499754428863525E-4
212.0	0.98095095	0.06931520457609919	6.248056888580322E-4
212.2	0.9810509	0.06930654774487299	3.750622272491455E-4
212.4	0.981101	0.0693021649001018	2.498924732208252E-4
212.6	0.98115087	0.06922555592945531	2.498924732208252E-4
212.8	0.98120093	0.0692210957242519	3.750622272491455E-4
213.0	0.9813009	0.06895875631901298	6.248056888580322E-4
213.2	0.98145086	0.06879969180891579	6.248056888580322E-4
213.4	0.9815508	0.0687902436075031	4.997849464416504E-4
213.6	0.98165077	0.06863510462505049	0.0010000169277191162
213.8	0.9819508	0.06765129390375264	0.0012500584125518799
214.0	0.9821508	0.06737119272333052	7.499754428863525E-4
214.2	0.9822508	0.06732338082259	7.499754428863525E-4
214.4	0.9824508	0.06685430104560039	6.249547004699707E-4
214.6	0.9825008	0.06681130210631919	3.750622272491455E-4
214.8	0.9826008	0.06619849003907574	3.750622272491455E-4
215.0	0.9826508	0.06596573012295656	7.499754428863525E-4
215.2	0.9829008	0.06570837114946368	8.749961853027344E-4
215.4	0.9830008	0.06554387869422651	3.7491321563720703E-4
215.6	0.98305076	0.0655377565496211	3.750622272491455E-4
215.8	0.98315084	0.06502751373927497	6.252527236938477E-4
216.0	0.98330086	0.06473878356909409	3.750622272491455E-4
216.2	0.98330086	0.06473878356909409	4.997849464416504E-4
216.4	0.9835008	0.06459682735260887	7.499754428863525E-4
216.6	0.98360085	0.06454486849293156	5.000829696655273E-4
216.8	0.9837008	0.06433747036613328	7.50124454498291E-4
217.0	0.9839009	0.06376354820083846	8.751451969146729E-4
217.2	0.98405087	0.06374243152798412	6.248056888580322E-4
217.4	0.9841508	0.06372815411917036	3.7491321563720703E-4
217.6	0.98420084	0.06372095475602821	4.999339580535889E-4
217.8	0.9843508	0.06350257921502353	3.7491321563720703E-4
218.0	0.9843508	0.06350257921502353	2.5004148483276367E-4
218.2	0.9844508	0.06336953183053985	2.5004148483276367E-4
218.4	0.9844508	0.06336953183053985	3.7491321563720703E-4
218.6	0.9846008	0.06322847508121811	3.7491321563720703E-4
218.8	0.9846008	0.06322847508121811	2.5004148483276367E-4
219.0	0.9847008	0.06317365002389166	6.251037120819092E-4
219.2	0.9848508	0.06295218516637235	6.251037120819092E-4
219.4	0.98495084	0.06285696164444113	5.002319812774658E-4
219.6	0.9850509	0.06276143390155209	2.5019049644470215E-4
219.8	0.9850509	0.06276143390155209	0.0
220.0	0.9850509	0.06276143390155209	0.0
220.2	0.9850509	0.06276143390155209	1.2487173080444336E-4
220.4	0.98510087	0.06219316738267269	1.2487173080444336E-4
220.6	0.98510087	0.06219316738267269	3.7491321563720703E-4
220.8	0.98525083	0.06152184670810182	7.498264312744141E-4
221.0	0.9854008	0.061415308477849845	7.499754428863525E-4
221.2	0.9855508	0.06126742632662907	3.750622272491455E-4
221.4	0.9855508	0.06126742632662907	0.0
221.6	0.9855508	0.06126742632662907	1.2502074241638184E-4
221.8	0.9856008	0.061177120993319074	4.999339580535889E-4
222.0	0.9857508	0.060905152676066734	7.499754428863525E-4
222.2	0.9859008	0.06083740645612547	5.000829696655273E-4
222.4	0.9859508	0.060787314588657174	3.7491321563720703E-4
222.6	0.9860508	0.06052187643774638	7.50124454498291E-4
222.8	0.9862509	0.06027800272513051	6.249547004699707E-4
223.0	0.98630077	0.06022715347329093	4.996359348297119E-4
223.2	0.98645073	0.059614574541053386	6.251037120819092E-4
223.4	0.9865508	0.05955331718473973	5.000829696655273E-4
223.6	0.98665076	0.0595338348534906	3.750622272491455E-4
223.8	0.98670083	0.05901787784292543	2.5004148483276367E-4
224.0	0.9867508	0.05875319051666173	3.750622272491455E-4
224.2	0.98685086	0.058647912404260254	3.7491321563720703E-4
224.4	0.98690075	0.058552454263673996	1.2472271919250488E-4
224.6	0.98690075	0.058552454263673996	2.498924732208252E-4
224.8	0.9870007	0.05818934723185796	3.7491321563720703E-4
225.0	0.9870507	0.05817901160019222	4.999339580535889E-4
225.2	0.9872007	0.05684329345228548	6.249547004699707E-4
225.4	0.9873007	0.056733676247664656	5.000829696655273E-4
225.6	0.9874007	0.05622490617839491	3.7491321563720703E-4
225.8	0.98745066	0.056169365062669306	3.750622272491455E-4
226.0	0.98755074	0.0556102297000667	2.5019049644470215E-4
226.2	0.98755074	0.0556102297000667	1.2487173080444336E-4
226.4	0.9876007	0.055598922169847166	2.5004148483276367E-4
226.6	0.98765075	0.05549754640893965	2.503395080566406E-4
226.8	0.9877008	0.05494279039217598	1.251697540283203E-4
227.0	0.9877008	0.05494279039217598	0.0
227.2	0.9877008	0.05494279039217598	2.498924732208252E-4
227.4	0.9878008	0.054828458997523706	7.499754428863525E-4
227.6	0.9880008	0.05464430365754964	6.249547004699707E-4
227.8	0.98805076	0.05449493022430464	4.999339580535889E-4
228.0	0.9882008	0.054136496595372084	5.000829696655273E-4
228.2	0.9882508	0.054078068106893404	2.5019049644470215E-4
228.4	0.98830086	0.054065792785144756	3.750622272491455E-4
228.6	0.9884008	0.0537628147499371	6.248056888580322E-4
228.8	0.9885508	0.05363205890747859	3.7491321563720703E-4
229.0	0.9885508	0.05363205890747859	2.497434616088867E-4
229.2	0.9886507	0.05360669492630424	4.997849464416504E-4
229.4	0.9887507	0.05301827725098915	3.750622272491455E-4
229.6	0.9888007	0.05300528258108453	4.999339580535889E-4
229.8	0.98895067	0.05282421298791939	7.498264312744141E-4
230.0	0.98910064	0.0522607886582256	3.7491321563720703E-4
230.2	0.98910064	0.0522607886582256	2.5019049644470215E-4
230.4	0.9892007	0.05204190807729362	5.000829696655273E-4
230.6	0.98930067	0.05201451743809971	2.498924732208252E-4
230.8	0.98930067	0.05201451743809971	4.997849464416504E-4
231.0	0.9895006	0.0513784976501316	6.248056888580322E-4
231.2	0.9895506	0.05136436206471204	2.5019049644470215E-4
231.4	0.98960066	0.051203907940464824	1.251697540283203E-4
231.6	0.98960066	0.051203907940464824	0.0
231.8	0.98960066	0.051203907940464824	6.248056888580322E-4
232.0	0.9898506	0.05113196176218178	0.0010000169277191162
232.2	0.99000067	0.05094114271106754	3.75211238861084E-4
232.4	0.99000067	0.05094114271106754	2.498924732208252E-4
232.6	0.9901006	0.05091159189640172	4.997849464416504E-4
232.8	0.9902006	0.05073420962930675	2.498924732208252E-4
233.0	0.9902006	0.05073420962930675	1.2502074241638184E-4
233.2	0.9902506	0.05071920441397001	3.750622272491455E-4
233.4	0.9903506	0.05014357067851548	3.7491321563720703E-4
233.6	0.99040055	0.05012823734656442	4.999339580535889E-4
233.8	0.9905506	0.0497312535809935	6.251037120819092E-4
234.0	0.9906506	0.04959916910846477	2.5004148483276367E-4
234.2	0.9906506	0.04959916910846477	0.0
234.4	0.9906506	0.04959916910846477	5.000829696655273E-4
234.6	0.9908506	0.0489262462578858	5.000829696655273E-4
234.8	0.9908506	0.0489262462578858	1.2502074241638184E-4
235.0	0.99090064	0.048910021184464275	1.2502074241638184E-4
235.2	0.99090064	0.048910021184464275	0.0
235.4	0.99090064	0.048910021184464275	1.2502074241638184E-4
235.6	0.99095064	0.04889373754535056	1.2502074241638184E-4
235.8	0.99095064	0.04889373754535056	1.2487173080444336E-4
236.0	0.9910006	0.0486209837852818	4.997849464416504E-4
236.2	0.99115056	0.04779307003813435	5.000829696655273E-4
236.4	0.9912006	0.04772378904148154	1.251697540283203E-4
236.6	0.9912006	0.04772378904148154	1.2487173080444336E-4
236.8	0.9912506	0.04717984238634468	4.999339580535889E-4
237.0	0.9914006	0.04696850151902962	3.750622272491455E-4
237.2	0.9914006	0.04696850151902962	0.0
237.4	0.9914006	0.04696850151902962	0.0
237.6	0.9914006	0.04696850151902962	3.750622272491455E-4
237.8	0.9915506	0.046379926012527134	6.249547004699707E-4
238.0	0.9916506	0.04580150241519906	3.7491321563720703E-4
238.2	0.9917006	0.045728656440792506	1.2502074241638184E-4
238.4	0.9917006	0.045728656440792506	0.0
238.6	0.9917006	0.045728656440792506	2.5004148483276367E-4
238.8	0.9918006	0.044808036089219204	2.5004148483276367E-4
239.0	0.9918006	0.044808036089219204	1.2472271919250488E-4
239.2	0.9918505	0.044284055681588386	1.2472271919250488E-4
239.4	0.9918505	0.044284055681588386	0.0
239.6	0.9918505	0.044284055681588386	1.251697540283203E-4
239.8	0.99190056	0.04426499843867637	1.251697540283203E-4
240.0	0.99190056	0.04426499843867637	1.251697540283203E-4
240.2	0.99195063	0.04418933789461742	3.750622272491455E-4
240.4	0.9920506	0.043580931263194594	3.7476420402526855E-4
240.6	0.99210054	0.04350390863370504	2.497434616088867E-4
240.8	0.9921505	0.04348422202867713	3.7491321563720703E-4
241.0	0.9922505	0.043329407552427195	6.251037120819092E-4
241.2	0.9924005	0.042863038764611186	4.999339580535889E-4
241.4	0.9924505	0.042842707561016255	3.750622272491455E-4
241.6	0.99255055	0.04268486364754051	3.750622272491455E-4
241.8	0.9926005	0.04266427174605961	2.5004148483276367E-4
242.0	0.99265057	0.042643611277171575	3.7491321563720703E-4
242.2	0.99275047	0.041712558814966695	2.497434616088867E-4
242.4	0.99275047	0.041712558814966695	1.251697540283203E-4
242.6	0.99280053	0.041691246827326715	2.5019049644470215E-4
242.8	0.99285054	0.04166986394363049	1.2502074241638184E-4
243.0	0.99285054	0.04166986394363049	1.2487173080444336E-4
243.2	0.9929005	0.04164841005464532	1.2487173080444336E-4
243.4	0.9929005	0.04164841005464532	0.0
243.6	0.9929005	0.04164841005464532	1.2502074241638184E-4
243.8	0.9929505	0.041626885052066964	2.5004148483276367E-4
244.0	0.9930005	0.041605288824786014	1.2502074241638184E-4
244.2	0.9930005	0.041605288824786014	0.0
244.4	0.9930005	0.041605288824786014	1.2487173080444336E-4
244.6	0.99305046	0.04158362126113457	1.2487173080444336E-4
244.8	0.99305046	0.04158362126113457	1.2502074241638184E-4
245.0	0.99310046	0.041561882250926385	2.5004148483276367E-4
245.2	0.9931505	0.04117739121099536	2.498924732208252E-4
245.4	0.9932004	0.04115531613212796	2.498924732208252E-4
245.6	0.9932504	0.04107234522880163	1.2502074241638184E-4
245.8	0.9932504	0.04107234522880163	0.0
246.0	0.9932504	0.04107234522880163	1.2502074241638184E-4
246.2	0.99330044	0.041050091859023585	1.2502074241638184E-4
246.4	0.99330044	0.041050091859023585	1.2487173080444336E-4
246.6	0.9933504	0.0410277654841538	1.2487173080444336E-4
246.8	0.9933504	0.0410277654841538	3.7491321563720703E-4
247.0	0.99350035	0.040654028691155655	4.999339580535889E-4
247.2	0.99355036	0.04063123857150394	2.5004148483276367E-4
247.4	0.99360037	0.040299380155591986	1.2502074241638184E-4
247.6	0.99360037	0.040299380155591986	4.999339580535889E-4
247.8	0.99380034	0.039516579161626125	6.249547004699707E-4
248.0	0.99385035	0.039238724801903026	1.2502074241638184E-4
248.2	0.99385035	0.039238724801903026	0.0
248.4	0.99385035	0.039238724801903026	0.0
248.6	0.99385035	0.039238724801903026	2.498924732208252E-4
248.8	0.9939503	0.03893452861527398	2.498924732208252E-4
249.0	0.9939503	0.03893452861527398	1.2502074241638184E-4
249.2	0.9940003	0.038910153141622994	2.5019049644470215E-4
249.4	0.9940504	0.038756902984620416	3.7491321563720703E-4
249.6	0.9941503	0.03851334217787976	3.7476420402526855E-4
249.8	0.9942003	0.03842343064242465	1.2502074241638184E-4
250.0	0.9942003	0.03842343064242465	0.0
250.2	0.9942003	0.03842343064242465	0.0
250.4	0.9942003	0.03842343064242465	1.2502074241638184E-4
250.6	0.9942503	0.03839840519263687	1.2502074241638184E-4
250.8	0.9942503	0.03839840519263687	0.0
251.0	0.9942503	0.03839840519263687	0.0
251.2	0.9942503	0.03839840519263687	0.0
251.4	0.9942503	0.03839840519263687	2.498924732208252E-4
251.6	0.99435025	0.03775682070526981	2.498924732208252E-4
251.8	0.99435025	0.03775682070526981	0.0
252.0	0.99435025	0.03775682070526981	1.2502074241638184E-4
252.2	0.99440026	0.0377311543524296	1.2502074241638184E-4
252.4	0.99440026	0.0377311543524296	0.0
252.6	0.99440026	0.0377311543524296	1.251697540283203E-4
252.8	0.99445033	0.03763904230202121	1.251697540283203E-4
253.0	0.99445033	0.03763904230202121	0.0
253.2	0.99445033	0.03763904230202121	0.0
253.4	0.99445033	0.03763904230202121	0.0
253.6	0.99445033	0.03763904230202121	0.0
253.8	0.99445033	0.03763904230202121	0.0
254.0	0.99445033	0.03763904230202121	1.2487173080444336E-4
254.2	0.9945003	0.03667083294489894	1.2487173080444336E-4
254.4	0.9945003	0.03667083294489894	2.5004148483276367E-4
254.6	0.9946003	0.03641208570871514	3.7491321563720703E-4
254.8	0.99465024	0.03638512724468311	1.2487173080444336E-4
255.0	0.99465024	0.03638512724468311	1.251697540283203E-4
255.2	0.9947003	0.03622029812286618	2.5019049644470215E-4
255.4	0.9947503	0.03619305865903727	1.2502074241638184E-4
255.6	0.9947503	0.03619305865903727	0.0
255.8	0.9947503	0.03619305865903727	0.0
256.0	0.9947503	0.03619305865903727	0.0
256.2	0.9947503	0.03619305865903727	0.0
256.4	0.9947503	0.03619305865903727	0.0
256.6	0.9947503	0.03619305865903727	0.0
256.8	0.9947503	0.03619305865903727	0.0
257.0	0.9947503	0.03619305865903727	0.0
257.2	0.9947503	0.03619305865903727	0.0
257.4	0.9947503	0.03619305865903727	0.0
257.6	0.9947503	0.03619305865903727	0.0
257.8	0.9947503	0.03619305865903727	2.498924732208252E-4
258.0	0.9948503	0.035999687575402416	2.498924732208252E-4
258.2	0.9948503	0.035999687575402416	3.750622272491455E-4
258.4	0.9950003	0.03535533957482028	7.50124454498291E-4
258.6	0.9951503	0.034770354077421545	5.000829696655273E-4
258.8	0.99520034	0.034087534556057945	2.5004148483276367E-4
259.0	0.99525034	0.033910728739337634	2.5004148483276367E-4
259.2	0.99530035	0.03388082086686108	1.2502074241638184E-4
259.4	0.99530035	0.03388082086686108	1.2502074241638184E-4
259.6	0.99535036	0.033479508891693856	1.2502074241638184E-4
259.8	0.99535036	0.033479508891693856	0.0
260.0	0.99535036	0.033479508891693856	2.498924732208252E-4
260.2	0.9954503	0.03219934123819324	2.498924732208252E-4
260.4	0.9954503	0.03219934123819324	1.251697540283203E-4
260.6	0.9955004	0.03216753138168184	1.251697540283203E-4
260.8	0.9955004	0.03216753138168184	1.2487173080444336E-4
261.0	0.99555033	0.03213561224128331	1.2487173080444336E-4
261.2	0.99555033	0.03213561224128331	0.0
261.4	0.99555033	0.03213561224128331	0.0
261.6	0.99555033	0.03213561224128331	0.0
261.8	0.99555033	0.03213561224128331	0.0
262.0	0.99555033	0.03213561224128331	0.0
262.2	0.99555033	0.03213561224128331	0.0
262.4	0.99555033	0.03213561224128331	3.7491321563720703E-4
262.6	0.9957003	0.03188275499733844	4.999339580535889E-4
262.8	0.9957503	0.03185023529275769	1.2502074241638184E-4
263.0	0.9957503	0.03185023529275769	1.2502074241638184E-4
263.2	0.9958003	0.031738936052744186	2.498924732208252E-4
263.4	0.99585027	0.031706112355248554	3.7491321563720703E-4
263.6	0.9959503	0.03164012576764273	3.7491321563720703E-4
263.8	0.99600023	0.031048350906130163	1.2487173080444336E-4
264.0	0.99600023	0.031048350906130163	0.0
264.2	0.99600023	0.031048350906130163	1.2502074241638184E-4
264.4	0.99605024	0.03101447268500082	2.5004148483276367E-4
264.6	0.99610025	0.02999649986490553	1.2502074241638184E-4
264.8	0.99610025	0.02999649986490553	1.2487173080444336E-4
265.0	0.9961502	0.029456365945528903	1.2487173080444336E-4
265.2	0.9961502	0.029456365945528903	0.0
265.4	0.9961502	0.029456365945528903	1.251697540283203E-4
265.6	0.99620026	0.029249957373385097	2.503395080566406E-4
265.8	0.99625033	0.028256637487482163	2.5004148483276367E-4
266.0	0.9963003	0.028130233888597013	1.2487173080444336E-4
266.2	0.9963003	0.028130233888597013	2.5004148483276367E-4
266.4	0.9964003	0.027332033392425195	5.000829696655273E-4
266.6	0.9965003	0.02716155453690939	5.000829696655273E-4
266.8	0.99660033	0.026428016938150438	5.000829696655273E-4
267.0	0.99670035	0.02634596889769206	2.5004148483276367E-4
267.2	0.99670035	0.02634596889769206	1.2487173080444336E-4
267.4	0.9967503	0.026304706347980662	2.5004148483276367E-4
267.6	0.99680036	0.02616792067857083	2.5019049644470215E-4
267.8	0.9968504	0.025151094601402087	2.498924732208252E-4
268.0	0.9969003	0.024194835171944592	1.2487173080444336E-4
268.2	0.9969003	0.024194835171944592	0.0
268.4	0.9969003	0.024194835171944592	0.0
268.6	0.9969003	0.024194835171944592	2.498924732208252E-4
268.8	0.9970003	0.02357965311124263	4.999339580535889E-4
269.0	0.9971003	0.023485954072202903	2.5004148483276367E-4
269.2	0.9971003	0.023485954072202903	1.2487173080444336E-4
269.4	0.99715024	0.02343880409840314	1.2487173080444336E-4
269.6	0.99715024	0.02343880409840314	0.0
269.8	0.99715024	0.02343880409840314	1.2502074241638184E-4
270.0	0.99720025	0.02339145220960554	1.2502074241638184E-4
270.2	0.99720025	0.02339145220960554	0.0
270.4	0.99720025	0.02339145220960554	1.2502074241638184E-4
270.6	0.99725026	0.022911515266491538	2.498924732208252E-4
270.8	0.9973002	0.022862852636641486	2.498924732208252E-4
271.0	0.9973502	0.022593750073530056	1.2502074241638184E-4
271.2	0.9973502	0.022593750073530056	0.0
271.4	0.9973502	0.022593750073530056	0.0
271.6	0.9973502	0.022593750073530056	0.0
271.8	0.9973502	0.022593750073530056	1.2502074241638184E-4
272.0	0.9974002	0.02220900808455824	1.2502074241638184E-4
272.2	0.9974002	0.02220900808455824	0.0
272.4	0.9974002	0.02220900808455824	1.2487173080444336E-4
272.6	0.9974502	0.022158464273962026	1.2487173080444336E-4
272.8	0.9974502	0.022158464273962026	0.0
273.0	0.9974502	0.022158464273962026	0.0
273.2	0.9974502	0.022158464273962026	1.2502074241638184E-4
273.4	0.9975002	0.021994318254897335	2.5004148483276367E-4
273.6	0.9975502	0.021943052075700593	2.498924732208252E-4
273.8	0.99760014	0.02177705285132987	1.2487173080444336E-4
274.0	0.99760014	0.02177705285132987	0.0
274.2	0.99760014	0.02177705285132987	0.0
274.4	0.99760014	0.02177705285132987	0.0
274.6	0.99760014	0.02177705285132987	0.0
274.8	0.99760014	0.02177705285132987	0.0
275.0	0.99760014	0.02177705285132987	0.0
275.2	0.99760014	0.02177705285132987	0.0
275.4	0.99760014	0.02177705285132987	0.0
275.6	0.99760014	0.02177705285132987	1.2502074241638184E-4
275.8	0.99765015	0.021725043838467413	1.2502074241638184E-4
276.0	0.99765015	0.021725043838467413	0.0
276.2	0.99765015	0.021725043838467413	0.0
276.4	0.99765015	0.021725043838467413	1.251697540283203E-4
276.6	0.9977002	0.021672794667435817	1.251697540283203E-4
276.8	0.9977002	0.021672794667435817	0.0
277.0	0.9977002	0.021672794667435817	1.2487173080444336E-4
277.2	0.99775016	0.02162030359555626	1.2487173080444336E-4
277.4	0.99775016	0.02162030359555626	1.2502074241638184E-4
277.6	0.9978002	0.02086048940236897	1.2502074241638184E-4
277.8	0.9978002	0.02086048940236897	1.251697540283203E-4
278.0	0.99785024	0.02056398623498918	1.251697540283203E-4
278.2	0.99785024	0.02056398623498918	0.0
278.4	0.99785024	0.02056398623498918	0.0
278.6	0.99785024	0.02056398623498918	1.2487173080444336E-4
278.8	0.9979002	0.020014745193481367	2.498924732208252E-4
279.0	0.9979502	0.019957392716639665	1.2502074241638184E-4
279.2	0.9979502	0.019957392716639665	0.0
279.4	0.9979502	0.019957392716639665	0.0
279.6	0.9979502	0.019957392716639665	1.2502074241638184E-4
279.8	0.9980002	0.01977372045281174	1.2502074241638184E-4
280.0	0.9980002	0.01977372045281174	0.0
280.2	0.9980002	0.01977372045281174	0.0
280.4	0.9980002	0.01977372045281174	0.0
280.6	0.9980002	0.01977372045281174	1.2487173080444336E-4
280.8	0.99805015	0.019070855079029215	2.498924732208252E-4
281.0	0.99810016	0.01901026071162104	1.2502074241638184E-4
281.2	0.99810016	0.01901026071162104	0.0
281.4	0.99810016	0.01901026071162104	0.0
281.6	0.99810016	0.01901026071162104	0.0
281.8	0.99810016	0.01901026071162104	0.0
282.0	0.99810016	0.01901026071162104	0.0
282.2	0.99810016	0.01901026071162104	0.0
282.4	0.99810016	0.01901026071162104	1.2502074241638184E-4
282.6	0.99815017	0.018949340653437622	1.2502074241638184E-4
282.8	0.99815017	0.018949340653437622	0.0
283.0	0.99815017	0.018949340653437622	0.0
283.2	0.99815017	0.018949340653437622	0.0
283.4	0.99815017	0.018949340653437622	1.2487173080444336E-4
283.6	0.9982001	0.018888091752643815	1.2487173080444336E-4
283.8	0.9982001	0.018888091752643815	0.0
284.0	0.9982001	0.018888091752643815	0.0
284.2	0.9982001	0.018888091752643815	0.0
284.4	0.9982001	0.018888091752643815	1.2502074241638184E-4
284.6	0.9982501	0.018693247618935694	1.2502074241638184E-4
284.8	0.9982501	0.018693247618935694	0.0
285.0	0.9982501	0.018693247618935694	0.0
285.2	0.9982501	0.018693247618935694	0.0
285.4	0.9982501	0.018693247618935694	0.0
285.6	0.9982501	0.018693247618935694	0.0
285.8	0.9982501	0.018693247618935694	0.0
286.0	0.9982501	0.018693247618935694	1.2502074241638184E-4
286.2	0.99830014	0.017524554152924435	1.2502074241638184E-4
286.4	0.99830014	0.017524554152924435	1.2487173080444336E-4
286.6	0.9983501	0.0164249059013943	1.2487173080444336E-4
286.8	0.9983501	0.0164249059013943	1.2502074241638184E-4
287.0	0.9984001	0.016200000936865532	1.2502074241638184E-4
287.2	0.9984001	0.016200000936865532	1.251697540283203E-4
287.4	0.99845016	0.015655590951625695	1.251697540283203E-4
287.6	0.99845016	0.015655590951625695	1.2487173080444336E-4
287.8	0.9985001	0.015580437313938166	1.2487173080444336E-4
288.0	0.9985001	0.015580437313938166	1.2502074241638184E-4
288.2	0.9985501	0.015504758165021114	1.2502074241638184E-4
288.4	0.9985501	0.015504758165021114	0.0
288.6	0.9985501	0.015504758165021114	0.0
288.8	0.9985501	0.015504758165021114	1.2502074241638184E-4
289.0	0.9986001	0.01542854577125706	2.498924732208252E-4
289.2	0.9986501	0.01535179219052683	1.2487173080444336E-4
289.4	0.9986501	0.01535179219052683	0.0
289.6	0.9986501	0.01535179219052683	1.2502074241638184E-4
289.8	0.9987001	0.015274489265295399	1.2502074241638184E-4
290.0	0.9987001	0.015274489265295399	0.0
290.2	0.9987001	0.015274489265295399	0.0
290.4	0.9987001	0.015274489265295399	0.0
290.6	0.9987001	0.015274489265295399	0.0
290.8	0.9987001	0.015274489265295399	0.0
291.0	0.9987001	0.015274489265295399	0.0
291.2	0.9987001	0.015274489265295399	0.0
291.4	0.9987001	0.015274489265295399	0.0
291.6	0.9987001	0.015274489265295399	1.251697540283203E-4
291.8	0.99875015	0.015196628612368219	1.251697540283203E-4
292.0	0.99875015	0.015196628612368219	0.0
292.2	0.99875015	0.015196628612368219	0.0
292.4	0.99875015	0.015196628612368219	0.0
292.6	0.99875015	0.015196628612368219	0.0
292.8	0.99875015	0.015196628612368219	0.0
293.0	0.99875015	0.015196628612368219	1.2472271919250488E-4
293.2	0.99880004	0.014783776005460086	1.2472271919250488E-4
293.4	0.99880004	0.014783776005460086	0.0
293.6	0.99880004	0.014783776005460086	0.0
293.8	0.99880004	0.014783776005460086	0.0
294.0	0.99880004	0.014783776005460086	0.0
294.2	0.99880004	0.014783776005460086	0.0
294.4	0.99880004	0.014783776005460086	0.0
294.6	0.99880004	0.014783776005460086	1.2502074241638184E-4
294.8	0.99885005	0.01470297697176848	1.2502074241638184E-4
295.0	0.99885005	0.01470297697176848	0.0
295.2	0.99885005	0.01470297697176848	0.0
295.4	0.99885005	0.01470297697176848	0.0
295.6	0.99885005	0.01470297697176848	1.2502074241638184E-4
295.8	0.99890006	0.01355691787753373	1.2502074241638184E-4
296.0	0.99890006	0.01355691787753373	0.0
296.2	0.99890006	0.01355691787753373	0.0
296.4	0.99890006	0.01355691787753373	0.0
296.6	0.99890006	0.01355691787753373	0.0
296.8	0.99890006	0.01355691787753373	0.0
297.0	0.99890006	0.01355691787753373	0.0
297.2	0.99890006	0.01355691787753373	0.0
297.4	0.99890006	0.01355691787753373	0.0
297.6	0.99890006	0.01355691787753373	0.0
297.8	0.99890006	0.01355691787753373	0.0
298.0	0.99890006	0.01355691787753373	0.0
298.2	0.99890006	0.01355691787753373	0.0
298.4	0.99890006	0.01355691787753373	0.0
298.6	0.99890006	0.01355691787753373	0.0
298.8	0.99890006	0.01355691787753373	0.0
299.0	0.99890006	0.01355691787753373	0.0
299.2	0.99890006	0.01355691787753373	0.0
299.4	0.99890006	0.01355691787753373	0.0
299.6	0.99890006	0.01355691787753373	0.0
299.8	0.99890006	0.01355691787753373	0.0
