0.0	0.9495583	0.004722031344242117	0.0
0.2	0.9495583	0.004722031344242117	-0.0010000169277191162
0.4	0.9491583	0.006463558554977681	-0.0022499263286590576
0.6	0.94865835	0.008406996599248784	-0.001875162124633789
0.8	0.94840825	0.009079652844658052	-0.0020003318786621094
1.0	0.9478582	0.010386414562053237	-0.002875030040740967
1.2	0.94725823	0.011829522879036936	-0.0026251375675201416
1.4	0.94680816	0.012835891504860943	-0.0023749470710754395
1.6	0.94630826	0.013649546613599507	-0.001999884843826294
1.8	0.9460082	0.014282861024135667	-0.0021252036094665527
2.0	0.9454582	0.01538822964670885	-0.002875030040740967
2.2	0.9448582	0.01646139745269916	-0.0023749470710754395
2.4	0.9445082	0.017313292187708374	-0.002499818801879883
2.6	0.94385827	0.018157025953701174	-0.002624988555908203
2.8	0.9434582	0.01909443844084142	-0.0025002658367156982
3.0	0.94285816	0.019783265186015742	-0.0018750131130218506
3.2	0.9427082	0.020042706307603717	-0.0011248886585235596
3.4	0.9424082	0.020669786720736966	-0.002375096082687378
3.6	0.94175816	0.02143449539701991	-0.002875030040740967
3.8	0.9412582	0.022157111559383335	-0.0021250545978546143
4.0	0.94090813	0.02263161684183658	-0.0016251206398010254
4.2	0.94060814	0.023057321383637072	-0.0021250545978546143
4.4	0.9400581	0.0237381034043447	-0.001999884843826294
4.6	0.9398082	0.0238947705320444	-0.001999884843826294
4.8	0.93925816	0.02483822725634904	-0.0026251375675201416
5.0	0.93875813	0.02531674396146018	-0.0025002658367156982
5.2	0.93825805	0.025776685501017662	-0.002750307321548462
5.4	0.937658	0.026457088314711344	-0.002250075340270996
5.6	0.937358	0.026971790723888073	-0.0022502243518829346
5.8	0.9367579	0.02778376269893513	-0.003125220537185669
6.0	0.93610793	0.028579537468782647	-0.0026251375675201416
6.2	0.93570787	0.02907765354545249	-0.0017501413822174072
6.4	0.9354079	0.029271828312075674	-0.0021255016326904297
6.6	0.93485767	0.02996627089678219	-0.0027504563331604004
6.8	0.9343077	0.030797887384364942	-0.0021250545978546143
7.0	0.93400764	0.03120897074207833	-0.0015000998973846436
7.2	0.93370765	0.031532679093075666	-0.0017501413822174072
7.4	0.9333076	0.03218866012720612	-0.0017498433589935303
7.6	0.9330077	0.03257299250903923	-0.002124607563018799
7.8	0.93245775	0.03300753464525598	-0.002499818801879883
8.0	0.9320078	0.033181317683213876	-0.002375096082687378
8.2	0.9315077	0.033730547260311904	-0.0025002658367156982
8.4	0.9310077	0.03462657656466791	-0.002750009298324585
8.6	0.9304077	0.035225555912114556	-0.003249943256378174
8.8	0.9297077	0.03581772971890108	-0.00287473201751709
9.0	0.9292578	0.036358455033627606	-0.0018747150897979736
9.2	0.9289578	0.03714023773635168	-0.002375096082687378
9.4	0.9283078	0.0379355998772211	-0.0031250715255737305
9.6	0.9277078	0.038700254867979615	-0.0028753280639648438
9.8	0.92715764	0.039247639445583724	-0.0025007128715515137
10.0	0.9267075	0.03952353322823719	-0.00262528657913208
10.2	0.9261075	0.0402341852423794	-0.003500133752822876
10.4	0.92530745	0.04098670058735702	-0.003375113010406494
10.6	0.9247575	0.04141179913543198	-0.0025001168251037598
10.8	0.9243074	0.04164744393633497	-0.0030003488063812256
11.0	0.92355734	0.042519372765204275	-0.003875643014907837
11.2	0.92275715	0.04335824069695837	-0.0033755600452423096
11.4	0.9222071	0.04372824633795401	-0.002250075340270996
11.6	0.9218571	0.044103027332407015	-0.002500563859939575
11.8	0.9212069	0.04467168562563488	-0.0033758580684661865
12.0	0.9205068	0.04538446294913576	-0.0033755600452423096
12.2	0.91985667	0.04608119981755028	-0.0027504563331604004
12.4	0.9194066	0.04640732120042434	-0.0030006468296051025
12.6	0.9186564	0.04700720073639286	-0.0033758580684661865
12.8	0.91805625	0.04760984052809659	-0.003125220537185669
13.0	0.9174063	0.04829326476501868	-0.003500431776046753
13.2	0.9166561	0.04894156615145627	-0.0038760900497436523
13.4	0.9158559	0.04940927926493807	-0.004125833511352539
13.6	0.91500574	0.05019959506476216	-0.0035002827644348145
13.8	0.9144558	0.05092835005066566	-0.0030000507831573486
14.0	0.9138057	0.05137664168303454	-0.004000365734100342
14.2	0.9128556	0.05251072990627461	-0.003750324249267578
14.4	0.9123056	0.052950063608994936	-0.00262528657913208
14.6	0.9118055	0.053345657997095446	-0.0032503902912139893
14.8	0.91100544	0.05407401610725033	-0.00387534499168396
15.0	0.9102554	0.054474183607834036	-0.0036250054836273193
15.2	0.90955544	0.05541928069597329	-0.0031250715255737305
15.4	0.90900534	0.05602677181890426	-0.00350072979927063
15.6	0.90815514	0.05693045453880995	-0.003375411033630371
15.8	0.9076552	0.05743671868026189	-0.0038754940032958984
16.0	0.90660495	0.05836470783543099	-0.00475078821182251
16.2	0.90575486	0.05957714820878319	-0.0034999847412109375
16.4	0.90520495	0.06035693090517358	-0.002499818801879883
16.6	0.90475494	0.0613183220845176	-0.003500133752822876
16.8	0.9038049	0.06245445611440465	-0.003875046968460083
17.0	0.9032049	0.06284710882143289	-0.0030000507831573486
17.2	0.9026049	0.06295426181452841	-0.004250258207321167
17.4	0.9015048	0.06370046354659861	-0.004625469446182251
17.6	0.9007547	0.06489943403748599	-0.004000961780548096
17.8	0.89990443	0.06565050640009495	-0.004125833511352539
18.0	0.89910436	0.0665145773014565	-0.0036253035068511963
18.2	0.8984543	0.06760248869542677	-0.004000365734100342
18.4	0.8975042	0.06880224525447966	-0.0038754940032958984
18.6	0.8969041	0.06921263578035898	-0.0030003488063812256
18.8	0.8963041	0.06975893455372449	-0.0028753280639648438
19.0	0.895754	0.07006737078677902	-0.004125535488128662
19.2	0.89465386	0.0705611537031235	-0.0050002336502075195
19.4	0.8937539	0.0717874392510798	-0.0038748979568481445
19.6	0.8931039	0.07261121760959012	-0.0027501583099365234
19.8	0.8926538	0.07326988742298515	-0.0036257505416870117
20.0	0.8916536	0.07414699194065394	-0.004375427961349487
20.2	0.89090365	0.07508121510465646	-0.004000216722488403
20.4	0.8900535	0.07585180536554254	-0.0038751959800720215
20.6	0.8893536	0.07641384938686241	-0.003999769687652588
20.8	0.8884536	0.07719518369559263	-0.003499835729598999
21.0	0.88795364	0.07766785924745047	-0.003875046968460083
21.2	0.8869036	0.07857091615629617	-0.004750192165374756
21.4	0.88605356	0.07929625698851692	-0.0036253035068511963
21.6	0.88545346	0.08000497724663623	-0.004125386476516724
21.8	0.8844034	0.08100394361415482	-0.0034999847412109375
22.0	0.88405347	0.08150519244429619	-0.002374798059463501
22.2	0.8834535	0.08221068305652221	-0.003125518560409546
22.4	0.88280326	0.08248732555701756	-0.0037507712841033936
22.6	0.8819532	0.08286553190018564	-0.00387534499168396
22.8	0.8812531	0.08352207133954936	-0.004000067710876465
23.0	0.88035315	0.08491982323921943	-0.003750026226043701
23.2	0.8797531	0.08536648248282361	-0.0028753280639648438
23.4	0.879203	0.08580418891195604	-0.003249943256378174
23.6	0.87845314	0.08690855177060376	-0.0027498602867126465
23.8	0.8781031	0.08712283782466688	-0.004125535488128662
24.0	0.8768029	0.08832756561513726	-0.005250275135040283
24.2	0.87600297	0.08876372489254346	-0.0031247735023498535
24.4	0.875553	0.08927315593900846	-0.002750009298324585
24.6	0.87490296	0.08986094181193835	-0.003000199794769287
24.8	0.87435293	0.0902196006613307	-0.002750307321548462
25.0	0.87380284	0.09065626762799808	-0.0027501583099365234
25.2	0.87325287	0.09097766961245574	-0.0038751959800720215
25.4	0.87225276	0.09193713287226561	-0.005375891923904419
25.6	0.8711025	0.0927350467081214	-0.005875527858734131
25.8	0.86990255	0.09332196372378335	-0.005125105381011963
26.0	0.86905247	0.09465514433756257	-0.003500431776046753
26.2	0.8685024	0.09525097789281742	-0.0032502412796020508
26.4	0.8677524	0.09572061578261157	-0.0038748979568481445
26.6	0.8669524	0.09625588954468499	-0.00437512993812561
26.8	0.8660023	0.09730878033103416	-0.004000663757324219
27.0	0.86535215	0.097631328154868	-0.003375113010406494
27.2	0.8646523	0.0979942664079979	-0.004374831914901733
27.4	0.8636022	0.09874228453556247	-0.004000067710876465
27.6	0.86305225	0.09918264071947099	-0.003249943256378174
27.8	0.86230224	0.09951737893010006	-0.004625916481018066
28.0	0.8612019	0.1005214338559814	-0.0050008296966552734
28.2	0.8603019	0.10089057776997819	-0.004124641418457031
28.4	0.859552	0.10154455285726552	-0.004374831914901733
28.6	0.858552	0.10214889242924494	-0.004749894142150879
28.8	0.85765207	0.10285415043556806	-0.003874748945236206
29.0	0.8570021	0.10332472469228358	-0.00412479043006897
29.2	0.85600215	0.10454185172005234	-0.004125237464904785
29.4	0.855352	0.10516119177905955	-0.0036253035068511963
29.6	0.85455203	0.10619226092383732	-0.00424996018409729
29.8	0.853652	0.10672008367776688	-0.004375725984573364
30.0	0.85280174	0.10750422667679702	-0.004750341176986694
30.2	0.85175186	0.10832560294707969	-0.0043745338916778564
30.4	0.8510519	0.10900181773320981	-0.003999918699264526
30.6	0.8501519	0.10980654022294571	-0.004750192165374756
30.8	0.84915185	0.11014434303891377	-0.005250722169876099
31.0	0.8480516	0.11076414725823099	-0.004250258207321167
31.2	0.84745175	0.11129239103127886	-0.004124641418457031
31.4	0.84640175	0.1124590540132466	-0.004874914884567261
31.6	0.8455018	0.11346695041106944	-0.005124956369400024
31.8	0.84435177	0.1145450842212884	-0.004750043153762817
32.0	0.84360176	0.11529977804984383	-0.005125105381011963
32.2	0.8423017	0.11597719088202074	-0.005750060081481934
32.4	0.84130174	0.11685165310837285	-0.00437512993812561
32.6	0.8405517	0.11733795780678699	-0.0033752620220184326
32.8	0.83995163	0.11760738216542432	-0.00299990177154541
33.0	0.8393517	0.11823314385465117	-0.0038748979568481445
33.2	0.8384017	0.11889255168591474	-0.005250275135040283
33.4	0.8372516	0.11947776520661642	-0.004500150680541992
33.6	0.8366016	0.120001828561826	-0.00424996018409729
33.8	0.8355516	0.12088712236063992	-0.005000084638595581
34.0	0.8346016	0.12160525832206612	-0.004750043153762817
34.2	0.8336516	0.12261800979554253	-0.0050005316734313965
34.4	0.83260137	0.12339869876268592	-0.005751103162765503
34.6	0.83135116	0.12427661215218541	-0.005875527858734131
34.8	0.83025116	0.12540907607121657	-0.00537484884262085
35.0	0.8292012	0.1261045553511777	-0.005500167608261108
35.2	0.8280511	0.1270657168615058	-0.005500316619873047
35.4	0.8270011	0.12763619763741335	-0.00550001859664917
35.6	0.8258511	0.1282352387798478	-0.004374831914901733
35.8	0.82525116	0.12845207851520807	-0.005250126123428345
36.0	0.82375103	0.12984004178886005	-0.006500333547592163
36.2	0.822651	0.13097509852096031	-0.00550001859664917
36.4	0.821551	0.13190184375740924	-0.004999637603759766
36.6	0.8206512	0.1319320901588787	-0.004124492406845093
36.8	0.8199012	0.13218921631020983	-0.004374682903289795
37.0	0.8189013	0.1330518279579949	-0.004374831914901733
37.2	0.8181513	0.13382106106802535	-0.004500001668930054
37.4	0.8171013	0.13445292443099152	-0.005749613046646118
37.6	0.81585145	0.13504175787885253	-0.004874318838119507
37.8	0.8151516	0.13567599771362984	-0.004874616861343384
38.0	0.8139016	0.13618659568936647	-0.005249828100204468
38.2	0.81305164	0.13682907698182353	-0.004624873399734497
38.4	0.81205165	0.13783067992362413	-0.004125237464904785
38.6	0.81140155	0.13832945748660508	-0.004000067710876465
38.8	0.8104516	0.13899027424200638	-0.005750060081481934
39.0	0.8091015	0.1399363743433685	-0.006375014781951904
39.2	0.8079016	0.1414481846505129	-0.005249828100204468
39.4	0.8070016	0.14170744142250527	-0.0050005316734313965
39.6	0.8059014	0.1427942188787056	-0.006500333547592163
39.8	0.80440146	0.14321535882099015	-0.0066249072551727295
40.0	0.80325145	0.14384692018934694	-0.006000101566314697
40.2	0.8020014	0.14465821437318263	-0.005625337362289429
40.4	0.8010013	0.1454957009305805	-0.004250556230545044
40.6	0.8003012	0.1458249256221824	-0.0046253204345703125
40.8	0.7991512	0.1465154476691273	-0.005749762058258057
41.0	0.7980013	0.14743133643617679	-0.005749315023422241
41.2	0.79685146	0.148062745100904	-0.005624741315841675
41.4	0.7957514	0.14881006849002074	-0.006000548601150513
41.6	0.79445124	0.1491532650816254	-0.0057503581047058105
41.8	0.79345125	0.14943090825675193	-0.004750341176986694
42.0	0.7925511	0.15017322106643458	-0.0054998695850372314
42.2	0.7912513	0.1506185133059198	-0.006874203681945801
42.4	0.7898014	0.15091705962776633	-0.006749629974365234
42.6	0.78855145	0.15116678383232637	-0.00675007700920105
42.8	0.7871014	0.1515704096142643	-0.007750391960144043
43.0	0.7854513	0.15240011993089098	-0.007125139236450195
43.2	0.78425133	0.15319737769607134	-0.006750226020812988
43.4	0.7827512	0.15433708730719115	-0.007125139236450195
43.6	0.7814013	0.15523865177159046	-0.006999969482421875
43.8	0.7799512	0.15588616522627274	-0.007125139236450195
44.0	0.7785512	0.15666013063782222	-0.006374865770339966
44.2	0.77740127	0.1577473891989165	-0.005625039339065552
44.4	0.7763012	0.15864522930218306	-0.0057506561279296875
44.6	0.775101	0.15965584467901772	-0.007125735282897949
44.8	0.7734509	0.1606629893918822	-0.007250010967254639
45.0	0.772201	0.16092594153286247	-0.007500201463699341
45.2	0.77045083	0.16184652086294107	-0.007250458002090454
45.4	0.7693008	0.1626883794756982	-0.0058747828006744385
45.6	0.7681009	0.16337805440482614	-0.006624758243560791
45.8	0.7666509	0.1642110723673275	-0.007374584674835205
46.0	0.7651511	0.16472090362538055	-0.006374716758728027
46.2	0.764101	0.16507934074016634	-0.005750209093093872
46.4	0.762851	0.1656423142303102	-0.006875097751617432
46.6	0.761351	0.16612849318523948	-0.008249729871749878
46.8	0.7595511	0.16708170492941032	-0.007749646902084351
47.0	0.75825113	0.16786731730977586	-0.005000084638595581
47.2	0.7575511	0.16791514605044597	-0.005125105381011963
47.4	0.7562011	0.16897206468450734	-0.006749778985977173
47.6	0.75485116	0.1698204233109702	-0.0069998204708099365
47.8	0.75340116	0.16998070102178653	-0.006749778985977173
48.0	0.75215125	0.17056633977956098	-0.006874650716781616
48.2	0.7506513	0.17139742187886867	-0.007249563932418823
48.4	0.7492514	0.17193584918658752	-0.006874948740005493
48.6	0.7479013	0.17233858764691506	-0.006999969482421875
48.8	0.74645144	0.17285802342605414	-0.0058744847774505615
49.0	0.7455515	0.17318399551741345	-0.005625039339065552
49.2	0.7442014	0.17424511145538155	-0.006251037120819092
49.4	0.7430511	0.17442533162879587	-0.0057506561279296875
49.6	0.74190116	0.17494110117905823	-0.006124675273895264
49.8	0.74060124	0.17573172397743989	-0.005624741315841675
50.0	0.73965126	0.17629627412295215	-0.004875212907791138
50.2	0.73865116	0.17668807638823264	-0.0066249072551727295
50.4	0.7370013	0.17730199904292296	-0.008250027894973755
50.6	0.73535115	0.17774385010025762	-0.006875842809677124
50.8	0.73425096	0.17859013488809472	-0.0050005316734313965
51.0	0.73335093	0.17923525404323454	-0.005999654531478882
51.2	0.7318511	0.1799390911026073	-0.007499754428863525
51.4	0.73035103	0.18111150262274714	-0.006624758243560791
51.6	0.7292012	0.18152784636502892	-0.006499737501144409
51.8	0.72775114	0.18220163700530514	-0.008499771356582642
52.0	0.7258013	0.1829189955552387	-0.007999837398529053
52.2	0.7245512	0.18279714596792745	-0.005875378847122192
52.4	0.72345114	0.1834328121279374	-0.006750375032424927
52.6	0.72185105	0.18432329314383458	-0.0077502429485321045
52.8	0.72035104	0.18509018464990848	-0.007250308990478516
53.0	0.7189509	0.18526574536825047	-0.007125884294509888
53.2	0.7175007	0.18604770621400327	-0.007500350475311279
53.4	0.7159508	0.18686384469101427	-0.006624460220336914
53.6	0.7148509	0.18735521489379603	-0.006749480962753296
53.8	0.713251	0.1881274476525196	-0.006999671459197998
54.0	0.71205103	0.18875194454344407	-0.006749778985977173
54.2	0.7105511	0.18980568093504316	-0.00712469220161438
54.4	0.70920116	0.19018506519433023	-0.0070001184940338135
54.6	0.70775104	0.19127842701894673	-0.00687524676322937
54.8	0.70645106	0.19227817509562833	-0.006874948740005493
55.0	0.70500106	0.19300258819077348	-0.007875114679336548
55.2	0.703301	0.19359521936602123	-0.008625388145446777
55.4	0.7015509	0.19461525234589874	-0.008625537157058716
55.6	0.6998508	0.19542895569108826	-0.007875114679336548
55.8	0.69840086	0.19632228394314347	-0.0073747336864471436
56.0	0.6969009	0.1966987260772641	-0.007624924182891846
56.2	0.6953509	0.19737243137341395	-0.006749480962753296
56.4	0.6942011	0.19775327848958277	-0.006374716758728027
56.6	0.692801	0.19833849648059904	-0.007750093936920166
56.8	0.6911011	0.1989617781141311	-0.007374584674835205
57.0	0.68985116	0.19962333685918138	-0.006374716758728027
57.2	0.6885512	0.1998409284121212	-0.006874948740005493
57.4	0.6871012	0.20063297008538689	-0.007374882698059082
57.6	0.68560123	0.20143892160420232	-0.007249712944030762
57.8	0.6842013	0.20216418759255342	-0.007750093936920166
58.0	0.6825012	0.20292547660755586	-0.008875727653503418
58.2	0.680651	0.20366167094447252	-0.008000284433364868
58.4	0.6793011	0.20418498654591213	-0.006999671459197998
58.6	0.67785114	0.20479715864900208	-0.008374899625778198
58.8	0.6759511	0.20559449590068493	-0.009375661611557007
59.0	0.6741009	0.20660152269649126	-0.009500384330749512
59.2	0.67215097	0.2075978723898759	-0.009750276803970337
59.4	0.67020077	0.20837936239497057	-0.007250458002090454
59.6	0.6692508	0.20866704627146634	-0.006999969482421875
59.8	0.6674008	0.20944507331749213	-0.008124858140945435
60.0	0.66600084	0.20979513609143471	-0.00837475061416626
60.2	0.6640509	0.2102976373966069	-0.008249878883361816
60.4	0.6627009	0.21084048285957516	-0.0073750317096710205
60.6	0.66110086	0.21167614238360663	-0.007999986410140991
60.8	0.6595009	0.21208429620522343	-0.007125139236450195
61.0	0.6582508	0.21228385878073622	-0.006250143051147461
61.2	0.65700084	0.2128872909589795	-0.006749927997589111
61.4	0.65555084	0.21332298677099815	-0.007374882698059082
61.6	0.6540509	0.21361436324921948	-0.0073747336864471436
61.8	0.65260094	0.21419206008683772	-0.008124709129333496
62.0	0.650801	0.21481238016985052	-0.007249563932418823
62.2	0.6497011	0.2150811681717081	-0.006000101566314697
62.4	0.64840096	0.21577172851556004	-0.007250607013702393
62.6	0.6468009	0.21614753946663026	-0.007875561714172363
62.8	0.64525074	0.21690997271418866	-0.006999969482421875
63.0	0.6440009	0.2171266883798252	-0.006124973297119141
63.2	0.64280075	0.21728589187853573	-0.005875229835510254
63.4	0.6416508	0.21745752765845905	-0.006249845027923584
63.6	0.6403008	0.2183023334868231	-0.007625371217727661
63.8	0.63860065	0.21879222749545593	-0.006750524044036865
64.0	0.6376006	0.21900054506417843	-0.0077499449253082275
64.2	0.63550067	0.21996533532418547	-0.00937536358833313
64.4	0.63385046	0.2204351973749258	-0.007000863552093506
64.6	0.6327003	0.2207729802335789	-0.0065004825592041016
64.8	0.63125026	0.22132766713081292	-0.006374865770339966
65.0	0.6301504	0.22197629662071883	-0.007249563932418823
65.2	0.62835044	0.22215709814745543	-0.0074994564056396484
65.4	0.6271506	0.22277876087261897	-0.007749646902084351
65.6	0.6252506	0.22369608028202845	-0.009000152349472046
65.8	0.62355053	0.22433879822449243	-0.008000284433364868
66.0	0.62205046	0.2249695454661302	-0.00837564468383789
66.2	0.6202003	0.22571433021257847	-0.0077505409717559814
66.4	0.61895025	0.22619327209493817	-0.0073750317096710205
66.6	0.61725026	0.2263071724675146	-0.007874667644500732
66.8	0.6158004	0.2267274990157576	-0.007875114679336548
67.0	0.6141002	0.22755480383975712	-0.007125586271286011
67.2	0.61295015	0.22748581547891786	-0.0077505409717559814
67.4	0.611	0.22850382645690276	-0.008249878883361816
67.6	0.6096502	0.2289637005125648	-0.007374435663223267
67.8	0.6080502	0.2293854749935017	-0.007250010967254639
68.0	0.6067502	0.22956902259545392	-0.006500333547592163
68.2	0.6054501	0.2300712849438879	-0.005875080823898315
68.4	0.60440016	0.23048999682612986	-0.0066249072551727295
68.6	0.60280013	0.23059089028654287	-0.007250159978866577
68.8	0.6015001	0.23094966701790257	-0.008750110864639282
69.0	0.5993001	0.23129960927481108	-0.010000020265579224
69.2	0.5975001	0.23172990591297704	-0.009499937295913696
69.4	0.5955001	0.23208780528473424	-0.009249895811080933
69.6	0.5938001	0.23309131131642447	-0.00824958086013794
69.8	0.5922003	0.23352550049886633	-0.007874667644500732
70.0	0.59065026	0.2340621218902044	-0.007500052452087402
70.2	0.58920026	0.23428264850970873	-0.008000433444976807
70.4	0.5874501	0.23462735746566954	-0.007500350475311279
70.6	0.5862001	0.235084153811615	-0.007124990224838257
70.8	0.5846001	0.2353355890262528	-0.007999688386917114
71.0	0.58300024	0.23569259526772118	-0.008624792098999023
71.2	0.5811502	0.23596011719044802	-0.00925019383430481
71.4	0.57930017	0.23601167211541385	-0.008874982595443726
71.6	0.5776002	0.23643865872082076	-0.0072498619556427
71.8	0.5764002	0.2366284836781899	-0.008250027894973755
72.0	0.57430017	0.23743316803239298	-0.008875280618667603
72.2	0.5728501	0.23721377865744106	-0.00675007700920105
72.4	0.57160014	0.23777813042715853	-0.007749646902084351
72.6	0.56975025	0.23784960963803872	-0.007374882698059082
72.8	0.5686502	0.2380119258454844	-0.005374699831008911
73.0	0.56760037	0.23823358153259533	-0.007249712944030762
73.2	0.5657503	0.2389548845802571	-0.00875025987625122
73.4	0.56410027	0.2391049756026886	-0.008249878883361816
73.6	0.56245035	0.2390554263931986	-0.008374601602554321
73.8	0.5607504	0.23915881104592318	-0.00837475061416626
74.0	0.55910045	0.23913843144156058	-0.007999986410140991
74.2	0.55755043	0.2391453466954643	-0.007500052452087402
74.4	0.5561004	0.23935912206861945	-0.007625222206115723
74.6	0.55450034	0.2396450486423672	-0.008000284433364868
74.8	0.5529003	0.24024277161581933	-0.009375214576721191
75.0	0.55075026	0.24073208513268762	-0.0100003182888031
75.2	0.5489002	0.24131678206479235	-0.007875412702560425
75.4	0.5476001	0.24180413405241039	-0.007125139236450195
75.6	0.54605013	0.24223314547644995	-0.005749911069869995
75.8	0.5453001	0.2425343466359386	-0.005374997854232788
76.0	0.54390013	0.24288431263286983	-0.00800013542175293
76.2	0.5421001	0.24330554732302961	-0.008375346660614014
76.4	0.54055	0.2438405152193855	-0.007750093936920166
76.6	0.53900003	0.24402663652153145	-0.007249712944030762
76.8	0.5376501	0.2439876570851507	-0.006500035524368286
77.0	0.5364	0.24410046969445348	-0.007375478744506836
77.2	0.5346999	0.24436838843890452	-0.008125603199005127
77.4	0.5331498	0.24459880781348464	-0.008250176906585693
77.6	0.53139985	0.24479387102480166	-0.008749812841415405
77.8	0.52964985	0.24558781881125566	-0.006874948740005493
78.0	0.52864987	0.24593022730631917	-0.006500035524368286
78.2	0.52704984	0.24577590734051716	-0.007749646902084351
78.4	0.52555	0.24576349733220113	-0.0073747336864471436
78.6	0.52409995	0.24575229226084508	-0.007625073194503784
78.8	0.5225	0.24596493472076247	-0.008874982595443726
79.0	0.52054995	0.2465465404737018	-0.007499754428863525
79.2	0.5195001	0.24684964890138908	-0.005125105381011963
79.4	0.5184999	0.2469164822098377	-0.0070001184940338135
79.6	0.5167	0.24742899835008234	-0.007874816656112671
79.8	0.51535	0.24781419800035953	-0.007625073194503784
80.0	0.51365	0.24836702030460442	-0.00849992036819458
80.2	0.51195	0.24882664002880459	-0.008624792098999023
80.4	0.5102001	0.249140440904191	-0.00887453556060791
80.6	0.5084002	0.2493680800128451	-0.007624924182891846
80.8	0.5071501	0.24970257663934772	-0.006125271320343018
81.0	0.5059501	0.24994418729388965	-0.006999969482421875
81.2	0.5043501	0.25034691284262506	-0.007999688386917114
81.4	0.5027502	0.25082850074814683	-0.009499937295913696
81.6	0.50055015	0.25092269085908314	-0.009374991059303284
81.8	0.49900022	0.2509362437481398	-0.00774972140789032
82.0	0.49745026	0.25132846207964893	-0.008124783635139465
82.2	0.4957503	0.2516534060235067	-0.007999837398529053
82.4	0.49425033	0.251623599589093	-0.00787496566772461
82.6	0.49260032	0.2517145988068889	-0.007875040173530579
82.8	0.4911003	0.2522910804079304	-0.007875263690948486
83.0	0.48945022	0.25304386322813976	-0.009250342845916748
83.2	0.48740017	0.253517729488538	-0.008750036358833313
83.4	0.4859502	0.2536140685837041	-0.006124898791313171
83.6	0.4849502	0.253655269621501	-0.006375014781951904
83.8	0.4834002	0.25361277244768754	-0.007375180721282959
84.0	0.48200014	0.25391139849872435	-0.006875023245811462
84.2	0.4806502	0.25392533690737584	-0.006499961018562317
84.4	0.47940016	0.2541665580507366	-0.0054998695850372314
84.6	0.47845024	0.2542008985037118	-0.006000027060508728
84.8	0.47700015	0.2542262740674531	-0.008250102400779724
85.0	0.4751502	0.2547252951314166	-0.00837467610836029
85.2	0.47365028	0.25479045687611307	-0.007624700665473938
85.4	0.47210032	0.2546793857929989	-0.007624998688697815
85.6	0.47060028	0.2549326158277139	-0.008250027894973755
85.8	0.4688003	0.254698958543063	-0.010125190019607544
86.0	0.4665502	0.25452621892939553	-0.008375123143196106
86.2	0.46545026	0.2544873202669025	-0.00737510621547699
86.4	0.46360016	0.2550098812798021	-0.0076255202293396
86.6	0.46240005	0.2552474066889554	-0.00812537968158722
86.8	0.46035	0.2562428068125619	-0.007875040173530579
87.0	0.45925003	0.2564604004914364	-0.006624758243560791
87.2	0.4577001	0.25641900978442583	-0.006749853491783142
87.4	0.4565501	0.25665072773227077	-0.007624998688697815
87.6	0.4546501	0.25660451491346664	-0.007500126957893372
87.8	0.45355004	0.2565538873135657	-0.0056249648332595825
88.0	0.45240012	0.25675715868473076	-0.005999654531478882
88.2	0.45115018	0.25665380787523534	-0.006749629974365234
88.4	0.44970027	0.2565539086703389	-0.007874593138694763
88.6	0.44800034	0.256517052052268	-0.007124766707420349
88.8	0.44685036	0.25664679328347784	-0.006499886512756348
89.0	0.4454004	0.2570969428233239	-0.0072498619556427
89.2	0.4439504	0.2569355882615474	-0.0070001184940338135
89.4	0.44260034	0.25681752271993663	-0.007875114679336548
89.6	0.44080037	0.25684695641624233	-0.008249953389167786
89.8	0.43930036	0.25684724834947253	-0.007124915719032288
90.0	0.4379504	0.25688965637107875	-0.007249563932418823
90.2	0.43640053	0.25724509524229705	-0.008249655365943909
90.4	0.43465054	0.25738468594675096	-0.008500069379806519
90.6	0.4330005	0.25748009445795866	-0.008250027894973755
90.8	0.43135053	0.2577201514447386	-0.00849992036819458
91.0	0.42960054	0.2575147355175534	-0.008500292897224426
91.2	0.4279504	0.25736413021000426	-0.007750391960144043
91.4	0.42650038	0.2573572399475898	-0.00750027596950531
91.6	0.4249503	0.25767226553792744	-0.006750375032424927
91.8	0.42380023	0.25761125553216757	-0.00625021755695343
92.0	0.4224502	0.25807653047022133	-0.006875023245811462
92.2	0.42105022	0.25816544237269945	-0.005875080823898315
92.4	0.42010018	0.2580232353055231	-0.006499961018562317
92.6	0.41845024	0.25833524063484076	-0.008625015616416931
92.8	0.41665018	0.2582833260081606	-0.009000301361083984
93.0	0.41485012	0.2583737148791148	-0.008250176906585693
93.2	0.4133501	0.257796967514437	-0.008750110864639282
93.4	0.41135007	0.2578442871812269	-0.008749887347221375
93.6	0.40985015	0.25726537977775554	-0.0068747252225875854
93.8	0.40860018	0.25733449019324384	-0.005875006318092346
94.0	0.40750015	0.2572911755023118	-0.005999952554702759
94.2	0.4062002	0.25753943031149473	-0.006749778985977173
94.4	0.40480024	0.2573654193318655	-0.006500259041786194
94.6	0.4036001	0.2573364315433791	-0.0067505985498428345
94.8	0.4021	0.2572461625181713	-0.008625015616416931
95.0	0.4001501	0.25710401696961693	-0.008124560117721558
95.2	0.39885017	0.2567901404916963	-0.0076248496770858765
95.4	0.39710015	0.2569758526738569	-0.009000003337860107
95.6	0.39525017	0.2572254579749596	-0.008374974131584167
95.8	0.39375016	0.256959989556773	-0.006625056266784668
96.0	0.39260015	0.257119113818655	-0.0062499940395355225
96.2	0.39125016	0.25715936003438394	-0.006375014781951904
96.4	0.39005014	0.2573586915612244	-0.005375072360038757
96.6	0.38910013	0.25721817373045686	-0.005749985575675964
96.8	0.38775015	0.2573274885430944	-0.008125081658363342
97.0	0.3858501	0.25736603593318214	-0.009375065565109253
97.2	0.38400012	0.25692216491500086	-0.008500069379806519
97.4	0.38245007	0.256611566951269	-0.007750093936920166
97.6	0.38090008	0.2565934310611065	-0.007124990224838257
97.8	0.37960008	0.2561324636476876	-0.005250126123428345
98.0	0.37880003	0.2559405378558055	-0.005625337362289429
98.2	0.37734994	0.2558114076921532	-0.008125528693199158
98.4	0.37554982	0.25587046814811687	-0.007750093936920166
98.6	0.3742499	0.25608482242431846	-0.0069998204708099365
98.8	0.3727499	0.2561736447366885	-0.008749961853027344
99.0	0.37074992	0.25617754821586836	-0.009249895811080933
99.2	0.36904994	0.25608513530968524	-0.008625239133834839
99.4	0.36729982	0.2558626761351936	-0.00762544572353363
99.6	0.36599976	0.25564428199641004	-0.007375180721282959
99.8	0.36434975	0.2552578628201165	-0.006624981760978699
100.0	0.36334977	0.2553023235752068	-0.005624815821647644
100.2	0.36209983	0.2552128306108966	-0.005999729037284851
100.4	0.36094987	0.25514230628513035	-0.007124990224838257
100.6	0.35924983	0.25487631598406507	-0.007374957203865051
100.8	0.3579999	0.25455058225440297	-0.005624890327453613
101.0	0.35699987	0.25454076091915545	-0.005875304341316223
101.2	0.35564977	0.25453993086003796	-0.006000027060508728
101.4	0.35459986	0.2547034333775996	-0.006124973297119141
101.6	0.35319978	0.2545186809325494	-0.007875412702560425
101.8	0.3514497	0.25395943824620587	-0.007625222206115723
102.0	0.3501497	0.25413082522030395	-0.006124973297119141
102.2	0.3489997	0.25415349358801237	-0.006375014781951904
102.4	0.3475997	0.2539571594551094	-0.00787489116191864
102.6	0.34584975	0.25395920204813277	-0.007499754428863525
102.8	0.34459978	0.2538027556814289	-0.007124990224838257
103.0	0.34299976	0.25342848854154204	-0.007249936461448669
103.2	0.3416998	0.2532806904811145	-0.007249936461448669
103.4	0.34009978	0.252956494674128	-0.006875023245811462
103.6	0.3389498	0.2528248331715254	-0.005875006318092346
103.8	0.33774978	0.2529474970120848	-0.006374940276145935
104.0	0.33639982	0.25306133524707164	-0.0062499940395355225
104.2	0.33524978	0.2529227871822482	-0.006999969482421875
104.4	0.33359984	0.252974384813212	-0.006624981760978699
104.6	0.3325998	0.2524623525566829	-0.0066252052783966064
104.8	0.33094975	0.252387788113202	-0.007500126957893372
105.0	0.32959974	0.25243581113348584	-0.006499886512756348
105.2	0.3283498	0.2523069076290593	-0.0062496960163116455
105.4	0.32709986	0.25227086412671873	-0.0069998204708099365
105.6	0.32554987	0.2519120823169181	-0.0086250901222229
105.8	0.32364982	0.25199836600497894	-0.007875189185142517
106.0	0.3223998	0.2521571711944355	-0.006124898791313171
106.2	0.32119986	0.25155627255873514	-0.004999935626983643
106.4	0.32039982	0.2516224135171073	-0.004875212907791138
106.6	0.31924978	0.2514198424571829	-0.005249977111816406
106.8	0.31829983	0.25155537943922246	-0.005124881863594055
107.0	0.31719983	0.2512850153892415	-0.006250068545341492
107.2	0.3157998	0.25080940607157926	-0.005875006318092346
107.4	0.31484982	0.2507328771037494	-0.004874914884567261
107.6	0.31384984	0.2506205840325205	-0.0063750892877578735
107.8	0.3122998	0.2505268626959252	-0.007250085473060608
108.0	0.3109498	0.25055457768880796	-0.007124915719032288
108.2	0.30944982	0.2503261815806907	-0.0072498619556427
108.4	0.30804986	0.2500753815440196	-0.0073750317096710205
108.6	0.3064998	0.24999549682309044	-0.007249936461448669
108.8	0.30514988	0.24992193981985983	-0.0058747828006744385
109.0	0.3041499	0.2497203983472939	-0.005249902606010437
109.2	0.30304992	0.24963612873735427	-0.005624741315841675
109.4	0.3019	0.24970260057020766	-0.005875080823898315
109.6	0.3006999	0.2497488925151126	-0.006625279784202576
109.8	0.2992499	0.24985383242436165	-0.00599980354309082
110.0	0.29829997	0.24972406803903352	-0.005749687552452087
110.2	0.29695	0.24937561614707857	-0.006499886512756348
110.4	0.2957	0.24934215486215502	-0.006249845027923584
110.6	0.29445007	0.24887084568710854	-0.005749985575675964
110.8	0.29340002	0.24837761562476293	-0.00500015914440155
111.0	0.29245	0.24796269398790577	-0.0046250224113464355
111.2	0.29155	0.2481453152670262	-0.0054998695850372314
111.4	0.29025006	0.24788593662865274	-0.006749704480171204
111.6	0.28885013	0.24731190348822735	-0.007999613881111145
111.8	0.28705022	0.24715338853763946	-0.006874576210975647
112.0	0.2861003	0.24721810257384638	-0.005124881863594055
112.2	0.28500026	0.24706274515300333	-0.006000027060508728
112.4	0.2837003	0.24686901381924958	-0.0056249648332595825
112.6	0.28275028	0.24649530894633898	-0.0048751384019851685
112.8	0.28175023	0.24635226284136857	-0.0062499940395355225
113.0	0.28025028	0.24602324546032853	-0.0072498619556427
113.2	0.2788503	0.24566273103092515	-0.005625039339065552
113.4	0.27800027	0.24552189327847374	-0.005124956369400024
113.6	0.2768003	0.24539103510922122	-0.006249919533729553
113.8	0.2755003	0.2449688756348466	-0.0053751468658447266
114.0	0.27465025	0.24484664105727744	-0.005125179886817932
114.2	0.27345023	0.24471942598134058	-0.005875006318092346
114.4	0.27230024	0.24416738153963713	-0.005749911069869995
114.6	0.27115026	0.2436394425520083	-0.00612504780292511
114.8	0.26985022	0.24275188518334087	-0.007249936461448669
115.0	0.2682503	0.2424653335633071	-0.008250027894973755
115.2	0.2665502	0.2418751707929301	-0.007500201463699341
115.4	0.2652502	0.2413916694602068	-0.006124898791313171
115.6	0.26410025	0.24122850287578076	-0.005124807357788086
115.8	0.26320028	0.2413519435471913	-0.004875063896179199
116.0	0.26215023	0.24129831773934213	-0.0059998780488967896
116.2	0.26080033	0.2408284875955105	-0.006999745965003967
116.4	0.25935033	0.24055161245443413	-0.006874948740005493
116.6	0.25805035	0.24043231547620672	-0.005749985575675964
116.8	0.25705034	0.24024528729799943	-0.0046250224113464355
117.0	0.25620034	0.23999283472945862	-0.005499944090843201
117.2	0.25485036	0.2395390947077579	-0.005874857306480408
117.4	0.2538504	0.239223071873092	-0.005374997854232788
117.6	0.25270036	0.23884662612975333	-0.00612504780292511
117.8	0.25140038	0.23858549993778239	-0.006249919533729553
118.0	0.2502004	0.23800201778868812	-0.006000064313411713
118.2	0.24900036	0.2379159463230487	-0.005250126123428345
118.4	0.24810034	0.23787894060853207	-0.00437512993812561
118.6	0.2472503	0.23781281524791795	-0.0053751468658447266
118.8	0.24595028	0.23769959602321827	-0.006624981760978699
119.0	0.24460031	0.2371936805185768	-0.00512491911649704
119.2	0.24390031	0.23718725104306537	-0.0033749639987945557
119.4	0.24325033	0.2366789800518881	-0.004624985158443451
119.6	0.24205032	0.2365360402266753	-0.0055000558495521545
119.8	0.2410503	0.2363099615732715	-0.006375014781951904
120.0	0.23950031	0.23595497637540103	-0.0066249072551727295
120.2	0.23840034	0.235776250779447	-0.0053749606013298035
120.4	0.23735033	0.2354091652658542	-0.005250014364719391
120.6	0.23630033	0.23482399264469325	-0.004374980926513672
120.8	0.23560034	0.23459036107239173	-0.003499947488307953
121.0	0.23490036	0.23433307572040993	-0.004374980926513672
121.2	0.23385035	0.2338304408600491	-0.00525008887052536
121.4	0.23280032	0.2334719725108927	-0.00462505966424942
121.6	0.23200032	0.2333366663052531	-0.004999898374080658
121.8	0.23080036	0.2325647434068008	-0.005999915301799774
122.0	0.22960036	0.23276347992063254	-0.006000064313411713
122.2	0.22840033	0.23247244488461904	-0.005625113844871521
122.4	0.22735031	0.23219491684610616	-0.004750005900859833
122.6	0.22650033	0.23170617234229193	-0.00487498939037323
122.8	0.22540031	0.231170581240902	-0.004875026643276215
123.0	0.22455032	0.23113805314212071	-0.0044998899102211
123.2	0.22360036	0.23067951706814635	-0.004874952137470245
123.4	0.22260034	0.23047611606276427	-0.0056249648332595825
123.6	0.22135037	0.23006885385891	-0.005249828100204468
123.8	0.22050041	0.22973843821749998	-0.003999881446361542
124.0	0.21975042	0.22919956285014814	-0.0037499889731407166
124.2	0.21900041	0.22901747109510234	-0.004249997437000275
124.4	0.21805042	0.22876122378485012	-0.00462505966424942
124.6	0.21715039	0.22797670390874192	-0.0053751468658447266
124.8	0.21590036	0.22735916539310438	-0.004875063896179199
125.0	0.21520036	0.22728607551690444	-0.00424996018409729
125.2	0.21420038	0.22695453328647036	-0.0043750181794166565
125.4	0.21345036	0.22663096812887615	-0.004375055432319641
125.6	0.21245036	0.22635701300353978	-0.004500076174736023
125.8	0.21165033	0.22602384757260113	-0.0041250139474868774
126.0	0.21080035	0.22583923530822936	-0.004124902188777924
126.2	0.21000037	0.22578751041051925	-0.004500038921833038
126.4	0.20900033	0.22546396212033087	-0.004375092685222626
126.6	0.20825033	0.22548710765720129	-0.005249865353107452
126.8	0.20690039	0.2252829120912364	-0.005374811589717865
127.0	0.2061004	0.2247171335874657	-0.00474981963634491
127.2	0.20500046	0.22407588041491328	-0.004624873399734497
127.4	0.20425045	0.2235160792368185	-0.004500038921833038
127.6	0.20320044	0.2230353299157508	-0.0046250224113464355
127.8	0.20240045	0.2225628904761941	-0.004875026643276215
128.0	0.20125043	0.2225330035853562	-0.004500001668930054
128.2	0.20060045	0.2222490499184192	-0.004500038921833038
128.4	0.19945042	0.22195088570542895	-0.005250126123428345
128.6	0.1985004	0.22133176495823628	-0.004500038921833038
128.8	0.1976504	0.22118313133583187	-0.004374943673610687
129.0	0.19675042	0.2211491343984811	-0.0057498738169670105
129.2	0.19535045	0.2206827489262514	-0.005124956369400024
129.4	0.19470043	0.220447073339122	-0.00400003045797348
129.6	0.19375044	0.22016684049909085	-0.004624947905540466
129.8	0.19285046	0.21987809296534297	-0.003999993205070496
130.0	0.19215044	0.21925071922049266	-0.0038749724626541138
130.2	0.19130047	0.2187791400613881	-0.00362493097782135
130.4	0.19070047	0.21873159399794576	-0.00400003045797348
130.6	0.18970045	0.21822903175357072	-0.004500113427639008
130.8	0.18890043	0.2180981248721993	-0.003375113010406494
131.0	0.18835041	0.21785724197361717	-0.002750009298324585
131.2	0.18780042	0.21779844399016324	-0.0036250054836273193
131.4	0.1869004	0.21750492005364327	-0.004125088453292847
131.6	0.18615039	0.21719963114036983	-0.0042501091957092285
131.8	0.18520036	0.21663554711255478	-0.004125088453292847
132.0	0.18450035	0.21617065525197357	-0.003750063478946686
132.2	0.18370034	0.21569495174117723	-0.004250071942806244
132.4	0.18280032	0.21520724947387654	-0.0036249682307243347
132.6	0.18225035	0.21492426102415002	-0.0028749555349349976
132.8	0.18165034	0.21474584485480042	-0.004500076174736023
133.0	0.18045032	0.2143835298553098	-0.006000101566314697
133.2	0.1792503	0.21386195994072577	-0.0061250850558280945
133.4	0.17800029	0.2130985736716839	-0.00612504780292511
133.6	0.17680028	0.2125012010889265	-0.005749911069869995
133.8	0.17570032	0.2119186450864487	-0.0044998899102211
134.0	0.17500032	0.21149468584882883	-0.003750063478946686
134.2	0.1742003	0.21113824951246019	-0.004375055432319641
134.4	0.1732503	0.21053963087611835	-0.004124939441680908
134.6	0.17255032	0.21033068699996463	-0.0044999271631240845
134.8	0.17145033	0.2098032401429844	-0.0036249682307243347
135.0	0.17110033	0.20964205696796093	-0.002749897539615631
135.2	0.17035037	0.20900568846490078	-0.004249885678291321
135.4	0.16940038	0.20857525893616902	-0.004000067710876465
135.6	0.16875035	0.20817285562484764	-0.0038750842213630676
135.8	0.16785035	0.20745813514202888	-0.004624985158443451
136.0	0.16690035	0.20679553173170143	-0.004875026643276215
136.2	0.16590033	0.20633029023045493	-0.004625096917152405
136.4	0.16505031	0.20598785437553976	-0.0036250799894332886
136.6	0.1644503	0.20548406107071457	-0.004375055432319641
136.8	0.16330029	0.20516605924068954	-0.0038750097155570984
137.0	0.1629003	0.2051184784383768	-0.003249943256378174
137.2	0.16200031	0.20453850931054035	-0.004624947905540466
137.4	0.16105032	0.20379008239707835	-0.00487498939037323
137.6	0.16005032	0.20337525939167786	-0.0041250139474868774
137.8	0.15940031	0.2030188173335365	-0.0036250054836273193
138.0	0.15860032	0.2026845791459795	-0.004000067710876465
138.2	0.15780029	0.2024824932629659	-0.003999993205070496
138.4	0.15700032	0.20189354056348174	-0.0038749724626541138
138.6	0.1562503	0.20168896260937452	-0.0037501007318496704
138.8	0.15550028	0.20134484982200296	-0.0038751214742660522
139.0	0.15470025	0.2009923135986219	-0.003875046968460083
139.2	0.15395026	0.20057890215385424	-0.0038750842213630676
139.4	0.15315022	0.1997187500371433	-0.0048751384019851685
139.6	0.1520002	0.1989748766756558	-0.00462505966424942
139.8	0.15130019	0.19890527903077967	-0.003500021994113922
140.0	0.1506002	0.1986319209258135	-0.0034999102354049683
140.2	0.14990023	0.1981791872272511	-0.0050000473856925964
140.4	0.14860018	0.19785863996845687	-0.0051251426339149475
140.6	0.14785017	0.19755474923518115	-0.0031249970197677612
140.8	0.14735018	0.19704181345090643	-0.002624914050102234
141.0	0.1468002	0.1969765436176119	-0.0027499347925186157
141.2	0.1462502	0.19673189606521896	-0.0036250799894332886
141.4	0.14535017	0.19629283971347933	-0.0041250139474868774
141.6	0.1446002	0.19629273728365412	-0.0028749555349349976
141.8	0.14420019	0.19597540339657446	-0.0027500465512275696
142.0	0.14350018	0.19587687417674318	-0.002875030040740967
142.2	0.14305018	0.19593161113777377	-0.002875030040740967
142.4	0.14235017	0.19566291744130213	-0.003500021994113922
142.6	0.14165017	0.19518651930153835	-0.003249906003475189
142.8	0.1410502	0.19450551726852147	-0.003249943256378174
143.0	0.1403502	0.1943048570475374	-0.003999993205070496
143.2	0.1394502	0.1935489576388886	-0.0037499144673347473
143.4	0.13885023	0.19317913698303144	-0.0029999762773513794
143.6	0.13825022	0.19300113053646553	-0.003375038504600525
143.8	0.13750021	0.19266226629267216	-0.003250017762184143
144.0	0.13695021	0.19193019291972838	-0.0038750842213630676
144.2	0.13595018	0.19149437996832072	-0.0038750842213630676
144.4	0.13540018	0.19126379720664052	-0.0031249970197677612
144.6	0.13470018	0.19071158889298193	-0.0034999847412109375
144.8	0.13400018	0.19037857055290983	-0.0038749724626541138
145.0	0.13315019	0.1900357270189636	-0.002874992787837982
145.2	0.13285019	0.19003520423477704	-0.0023749470710754395
145.4	0.13220021	0.18963955316543787	-0.0033750012516975403
145.6	0.13150018	0.18929540458403185	-0.002750083804130554
145.8	0.13110018	0.18900473584780797	-0.002374984323978424
146.0	0.13055019	0.18861123118091364	-0.002874992787837982
146.2	0.12995018	0.18832285811587782	-0.003250017762184143
146.4	0.12925018	0.18762179735192297	-0.0031249970197677612
146.6	0.12870018	0.18703290927279256	-0.0031249970197677612
146.8	0.12800018	0.18640278738545096	-0.004500001668930054
147.0	0.12690018	0.18557044240761916	-0.004625096917152405
147.2	0.12615015	0.18530698521545802	-0.0038750842213630676
147.4	0.12535015	0.18491856975972806	-0.003749951720237732
147.6	0.124650165	0.18420064216506957	-0.0028749369084835052
147.8	0.12420017	0.1835738564114922	-0.0029999390244483948
148.0	0.12345019	0.18302348903660293	-0.003249943256378174
148.2	0.122900195	0.18264881795038587	-0.0028750114142894745
148.4	0.122300185	0.18227097730838202	-0.003000013530254364
148.6	0.12170019	0.18167033438515923	-0.0023750029504299164
148.8	0.121350184	0.18136063123399115	-0.0020000524818897247
149.0	0.12090017	0.18118551559432453	-0.0030000321567058563
149.2	0.12015017	0.18048955050562063	-0.003124978393316269
149.4	0.11965018	0.1798648835627401	-0.0019999779760837555
149.6	0.11935018	0.1795496488376505	-0.0028750114142894745
149.8	0.11850017	0.17901885341936424	-0.002874992787837982
150.0	0.11820018	0.17868620502859842	-0.0019999779760837555
150.2	0.11770018	0.17795142672571196	-0.002250056713819504
150.4	0.11730016	0.17751256417860609	-0.002375040203332901
150.6	0.116750166	0.17733284054386841	-0.003124978393316269
150.8	0.11605017	0.17687536950072436	-0.00350000336766243
151.0	0.115350164	0.17624379830130013	-0.0033750012516975403
151.2	0.11470017	0.1759372322300972	-0.0038750097155570984
151.4	0.11380016	0.17515581285947474	-0.003750007599592209
151.6	0.113200165	0.1749878823055111	-0.0024999678134918213
151.8	0.11280017	0.174502603924034	-0.0018749944865703583
152.0	0.11245017	0.17436311593320658	-0.002875030040740967
152.2	0.11165016	0.17372903145392515	-0.0036250241100788116
152.4	0.11100016	0.17308668104964958	-0.003500021994113922
152.6	0.11025015	0.17208264494059333	-0.004625003784894943
152.8	0.10915016	0.17134402918882705	-0.004249978810548782
153.0	0.10855016	0.17087830968973214	-0.002750009298324585
153.2	0.10805015	0.17036048962895517	-0.0031249597668647766
153.4	0.10730018	0.16953380408677285	-0.0029999390244483948
153.6	0.10685018	0.16901354307360247	-0.0026250258088111877
153.8	0.10625017	0.1683105383536541	-0.0027500465512275696
154.0	0.10575016	0.16791199558509262	-0.0028750672936439514
154.2	0.10510014	0.1673289844604395	-0.0027500279247760773
154.4	0.10465015	0.16703555942397041	-0.0023750215768814087
154.6	0.10415013	0.1666441667127549	-0.0022500380873680115
154.8	0.10375013	0.16626315846374126	-0.0023750215768814087
155.0	0.10320012	0.16610165281718936	-0.0025000236928462982
155.2	0.10275012	0.16578581792974878	-0.0020000338554382324
155.4	0.10240011	0.16537605346054662	-0.001875031739473343
155.6	0.10200011	0.1653360192039902	-0.0028750859200954437
155.8	0.101250075	0.16456286908029621	-0.0031250715255737305
156.0	0.10075008	0.16412475987356864	-0.0032499805092811584
156.2	0.09995008	0.1634242891792921	-0.0031250156462192535
156.4	0.099500075	0.16320156490345186	-0.0025000236928462982
156.6	0.09895007	0.1628692632627719	-0.003000069409608841
156.8	0.09830005	0.1624410992858943	-0.0030000880360603333
157.0	0.09775004	0.161933434406429	-0.003125034272670746
157.2	0.09705003	0.16130343531068086	-0.002624988555908203
157.4	0.09670004	0.16107175343726535	-0.00200001522898674
157.6	0.09625003	0.1604631958514106	-0.0025000236928462982
157.8	0.09570003	0.15967626857611658	-0.002374984323978424
158.0	0.09530003	0.15925737288139696	-0.0024999864399433136
158.2	0.09470004	0.15897141302918158	-0.002624988555908203
158.4	0.09425004	0.1584122415074862	-0.0024999864399433136
158.6	0.093700044	0.1580990495234221	-0.002624932676553726
158.8	0.093200065	0.15750796682209436	-0.0034999288618564606
159.0	0.09230007	0.15686207546389153	-0.003374982625246048
159.2	0.09185007	0.1564163605991948	-0.0016250088810920715
159.4	0.09165007	0.15643777543402976	-0.0012500211596488953
159.6	0.09135006	0.15590919481271448	-0.0017499923706054688
159.8	0.09095007	0.15562968119839962	-0.001999996602535248
160.0	0.090550065	0.1548489512685319	-0.0022500380873680115
160.2	0.09005006	0.15425141265273848	-0.0028750672936439514
160.4	0.08940004	0.1537128477679301	-0.0031249970197677612
160.6	0.08880006	0.15318145964067076	-0.00287497416138649
160.8	0.08825005	0.1531320942113396	-0.0030000321567058563
161.0	0.087600045	0.15223744446092308	-0.0028750114142894745
161.2	0.087100044	0.15150442459381522	-0.0021250173449516296
161.4	0.08675004	0.15103621469229847	-0.0021250545978546143
161.6	0.08625002	0.15044413644282315	-0.0026250816881656647
161.8	0.085700005	0.14990166707057206	-0.0022500380873680115
162.0	0.08535001	0.14977609055007268	-0.001875031739473343
162.2	0.08494999	0.14931844473435488	-0.002125035971403122
162.4	0.08449999	0.14897902437166557	-0.003000013530254364
162.6	0.08374999	0.14830184487021456	-0.003250017762184143
162.8	0.083199985	0.14748817140800474	-0.002875048667192459
163.0	0.08259997	0.14701101995009852	-0.002875030040740967
163.2	0.08204997	0.14637383019419895	-0.0027500465512275696
163.4	0.08149995	0.14559447333557934	-0.00262504443526268
163.6	0.080999956	0.14534097713282765	-0.0022499822080135345
163.8	0.080599956	0.14513317882038027	-0.0017499923706054688
164.0	0.08029996	0.14500658477508982	-0.0018750131130218506
164.2	0.07984995	0.1444696407722381	-0.00200001522898674
164.4	0.07949995	0.14442904693632042	-0.001500006765127182
164.6	0.07924995	0.1440900323878774	-0.0017500482499599457
164.8	0.07879993	0.14382475429626013	-0.00200001522898674
165.0	0.07844994	0.14353779046113727	-0.001750010997056961
165.2	0.07809993	0.14335407380758391	-0.0018750131130218506
165.4	0.07769994	0.14315274975002845	-0.0021249987185001373
165.6	0.07724993	0.14282834845778075	-0.002500005066394806
165.8	0.076699935	0.1422747710555821	-0.0026250071823596954
166.0	0.07619993	0.1420160545298633	-0.0025000236928462982
166.2	0.075699925	0.14124273458805334	-0.0018749944865703583
166.4	0.07544993	0.14119064104553322	-0.002124980092048645
166.6	0.07484993	0.14074792167032507	-0.002750009298324585
166.8	0.074349925	0.14024826973547028	-0.0030000507831573486
167.0	0.07364991	0.1398684300973712	-0.0038750283420085907
167.2	0.07279991	0.13930240367283944	-0.0036250054836273193
167.4	0.07219991	0.13896819776839	-0.0025000236928462982
167.6	0.071799904	0.13852711003271365	-0.0014999881386756897
167.8	0.071599916	0.13830560575722084	-0.0011249817907810211
168.0	0.07134991	0.13808213915803072	-0.0013750046491622925
168.2	0.071049914	0.13771128177537872	-0.0013750046491622925
168.4	0.07079991	0.13710346639783486	-0.002250019460916519
168.6	0.070149906	0.13631389489599238	-0.003125034272670746
168.8	0.069549896	0.13540789220150506	-0.0022500380873680115
169.0	0.06924989	0.13539548732777382	-0.001500006765127182
169.2	0.06894989	0.13530852916775626	-0.001999959349632263
169.4	0.06844991	0.13513732727987687	-0.002500005066394806
169.6	0.06794989	0.13438860701093774	-0.001750010997056961
169.8	0.0677499	0.13434075064634057	-9.999610483646393E-4
170.0	0.06754991	0.1342739663898498	-0.0017500482499599457
170.2	0.06704988	0.13381628471802037	-0.0022500939667224884
170.4	0.06664987	0.13311753477381474	-0.001875031739473343
170.6	0.06629987	0.13264354690678912	-0.0016249902546405792
170.8	0.06599987	0.13218926037824102	-0.0017499923706054688
171.0	0.06559987	0.13183944985617352	-0.0013749860227108002
171.2	0.06544988	0.13186658886791552	-0.0011250190436840057
171.4	0.065149866	0.1315787899718972	-0.0015000440180301666
171.6	0.06484986	0.13132775046388534	-0.0015000253915786743
171.8	0.064549856	0.13075089766546014	-0.0013749860227108002
172.0	0.06429987	0.1306732939495387	-0.0019999779760837555
172.2	0.063749865	0.12970519628606764	-0.002250000834465027
172.4	0.063399866	0.12924952792265842	-0.0017499923706054688
172.6	0.06304987	0.1291402259709718	-0.0013749860227108002
172.8	0.06284987	0.1288696132465613	-0.001750010997056961
173.0	0.062349863	0.1281989781449406	-0.0016250088810920715
173.2	0.06219987	0.1282035872369278	-0.0012499745935201645
173.4	0.061849874	0.12773831562527507	-0.0013749860227108002
173.6	0.061649874	0.12771757115165777	-0.0016249995678663254
173.8	0.061199874	0.12739529017360343	-0.0018749851733446121
174.0	0.06089988	0.12712667133223618	-0.0011249911040067673
174.2	0.060749877	0.12697219069594073	-0.0014999974519014359
174.4	0.06029988	0.1267632065020257	-0.0022499915212392807
174.6	0.05984988	0.1265522737629537	-0.0021249987185001373
174.8	0.05944988	0.1256510939362947	-0.001250002533197403
175.0	0.05934988	0.12551923065413945	-0.0013749953359365463
175.2	0.058899883	0.12420060562404309	-0.002374984323978424
175.4	0.058399886	0.12344812698579832	-0.0022499822080135345
175.6	0.05799989	0.12315031409089594	-0.001999996602535248
175.8	0.057599887	0.12303349055995627	-0.0026250071823596954
176.0	0.056949887	0.12206226777614328	-0.0023750122636556625
176.2	0.056649882	0.12156594116043241	-0.0013750232756137848
176.4	0.056399878	0.12146620938484634	-0.0012500118464231491
176.6	0.056149878	0.12126284431164687	-0.0013749860227108002
176.8	0.055849884	0.12094741549913046	-0.001624980941414833
177.0	0.055499885	0.12053941195685676	-0.0013749860227108002
177.2	0.05529989	0.12038235165802298	-9.999796748161316E-4
177.4	0.055099893	0.12022474740596083	-8.749961853027344E-4
177.6	0.05494989	0.12013741342180398	-0.0016250088810920715
177.8	0.05444989	0.11948931909005192	-0.001999996602535248
178.0	0.054149892	0.11916491946650352	-0.0016250088810920715
178.2	0.053799886	0.1184928707369666	-0.0010000169277191162
178.4	0.053749885	0.11850501272394301	-7.499940693378448E-4
178.6	0.05349989	0.11837546428219016	-0.0012499932199716568
178.8	0.053249888	0.11775796099570561	-8.749868720769882E-4
179.0	0.053149894	0.11776068077476023	-0.0012499745935201645
179.2	0.0527499	0.11702537298771841	-0.0014999974519014359
179.4	0.052549895	0.11698716777832613	-0.0012500118464231491
179.6	0.052249894	0.11675802924896143	-0.002250000834465027
179.8	0.051649895	0.11599473224311295	-0.0023749936372041702
180.0	0.051299896	0.11562140977810377	-0.0016249902546405792
180.2	0.0509999	0.11542963351186745	-0.001624980941414833
180.4	0.050649904	0.11487853513695642	-0.0017499923706054688
180.6	0.0502999	0.1147602295107439	-0.0013750046491622925
180.8	0.0500999	0.1146516021302507	-0.0017499923706054688
181.0	0.049599905	0.114367129640394	-0.0016249902546405792
181.2	0.049449906	0.11411484268038426	-6.249919533729553E-4
181.4	0.049349908	0.11400472717890207	-0.00100000761449337
181.6	0.049049903	0.11347509529892684	-0.0016250275075435638
181.8	0.048699897	0.113019068855761	-0.0017500203102827072
182.0	0.048349895	0.11244899865711429	-0.002374984323978424
182.2	0.047749903	0.11165768228132902	-0.002624969929456711
182.4	0.047299907	0.11152448109755748	-0.0017499830573797226
182.6	0.04704991	0.1112600451987775	-0.0011249911040067673
182.8	0.04684991	0.11100710714947098	-0.0016249902546405792
183.0	0.046399914	0.11059855543083477	-0.0017499830573797226
183.2	0.046149917	0.11014843558185895	-0.0011249911040067673
183.4	0.045949917	0.11009585578114654	-9.99998301267624E-4
183.6	0.045749918	0.10988374716505535	-8.749961853027344E-4
183.8	0.04559992	0.10982094507774581	-7.50003382563591E-4
184.0	0.045449916	0.1095070673667895	-0.00100000761449337
184.2	0.045199916	0.1088896681232857	-0.0013749953359365463
184.4	0.04489992	0.10841581904584822	-0.0011250004172325134
184.6	0.044749916	0.1081662496729907	-9.99998301267624E-4
184.8	0.04449992	0.10795716666055251	-9.999889880418777E-4
185.0	0.04434992	0.10782197328615294	-8.750054985284805E-4
185.2	0.044149917	0.10723002121447561	-0.002000005915760994
185.4	0.043549918	0.10647017337293527	-0.0024999957531690598
185.6	0.04314992	0.10588001509745083	-0.0011250004172325134
185.8	0.043099917	0.10577045819692185	-9.99998301267624E-4
186.0	0.04274992	0.10547481841254264	-0.0011249911040067673
186.2	0.04264992	0.10530183938367813	-0.0018749851733446121
186.4	0.041999925	0.10459923405408594	-0.0022499915212392807
186.6	0.041749924	0.10430454302678671	-8.749961853027344E-4
186.8	0.041649926	0.10432055061174898	-6.249919533729553E-4
187.0	0.041499928	0.10424850253095198	-8.749961853027344E-4
187.2	0.041299928	0.104063969728535	-0.0018749851733446121
187.4	0.040749934	0.10332926921756322	-0.0022499728947877884
187.6	0.04039994	0.10301863904635372	-0.0011249817907810211
187.8	0.04029994	0.102984997983208	-7.499847561120987E-4
188.0	0.040099945	0.10260112266446571	-7.499940693378448E-4
188.2	0.039999943	0.10244510695081212	-7.50003382563591E-4
188.4	0.039799944	0.1024009777956854	-7.500126957893372E-4
188.6	0.03969994	0.10221991178923809	-8.749961853027344E-4
188.8	0.039449945	0.10201077265267018	-9.999889880418777E-4
189.0	0.039299943	0.10190932173309901	-7.50003382563591E-4
189.2	0.039149944	0.10173385752274165	-7.50003382563591E-4
189.4	0.03899994	0.10143471021888331	-0.001374976709485054
189.6	0.038599953	0.1009952474394211	-0.001624980941414833
189.8	0.03834995	0.10088001726559825	-0.0012500118464231491
190.0	0.03809995	0.10059020975508116	-0.0012499932199716568
190.2	0.03784995	0.10037368853352034	-0.0011249911040067673
190.4	0.037649952	0.09989983919152241	-9.99998301267624E-4
190.6	0.037449952	0.09962428156367108	-7.499940693378448E-4
190.8	0.037349954	0.0995363137880002	-8.750054985284805E-4
191.0	0.03709995	0.09903832536314651	-0.0012500118464231491
191.2	0.03684995	0.09889174525433915	-0.0013750046491622925
191.4	0.03654995	0.09867420037551565	-0.0011250004172325134
191.6	0.03639995	0.09869163991384539	-7.499940693378448E-4
191.8	0.03624995	0.09858213690430294	-8.749961853027344E-4
192.0	0.03604995	0.09852866224730356	-8.749961853027344E-4
192.2	0.035899952	0.0983676278912665	-8.749868720769882E-4
192.4	0.035699956	0.09803320798318438	-7.499847561120987E-4
192.6	0.03559996	0.09763524144479624	-6.250105798244476E-4
192.8	0.035449952	0.0976514095883033	-8.750054985284805E-4
193.0	0.035249956	0.09726221136219484	-8.749961853027344E-4
193.2	0.035099953	0.09663327727013576	-0.0011250097304582596
193.4	0.034799952	0.09640518699471956	-0.0011249911040067673
193.6	0.034649957	0.09600456883257663	-6.24973326921463E-4
193.8	0.034549963	0.09564934812692615	-3.749970346689224E-4
194.0	0.03449996	0.09560204058254025	-6.250105798244476E-4
194.2	0.03429996	0.09546470411291733	-0.001374976709485054
194.4	0.033949967	0.09473593513471627	-0.001874975860118866
194.6	0.03354997	0.09416420574879282	-0.001250002533197403
194.8	0.033449966	0.09414668131973937	-4.99999150633812E-4
195.0	0.03334997	0.09396955563593794	-6.250012665987015E-4
195.2	0.033199966	0.09387630178589594	-0.0011250004172325134
195.4	0.03289997	0.09342157053652661	-0.0014999974519014359
195.6	0.032599967	0.09299053693012699	-0.0011249911040067673
195.8	0.032449972	0.09262557856983498	-9.99998301267624E-4
196.0	0.032199968	0.09232096078337315	-8.750054985284805E-4
196.2	0.03209997	0.09227453735474644	-0.00100000761449337
196.4	0.031799965	0.09148092618096307	-8.750054985284805E-4
196.6	0.031749967	0.09142996035335435	-6.250012665987015E-4
196.8	0.031549964	0.0911158456001849	-0.00100000761449337
197.0	0.031349964	0.09091027293585426	-8.750054985284805E-4
197.2	0.031199962	0.09059006523484717	-0.0011249957606196404
197.4	0.030899966	0.09027840415927489	-0.001624980941414833
197.6	0.03054997	0.08943823493857603	-0.0018749991431832314
197.8	0.030149966	0.08898582738753935	-0.001500006765127182
198.0	0.029949967	0.08885661325163666	-9.999889880418777E-4
198.2	0.02974997	0.08847280663767208	-9.999889880418777E-4
198.4	0.029549971	0.08820032760434973	-0.001250002533197403
198.6	0.02924997	0.0873609619059877	-8.750054985284805E-4
198.8	0.029199969	0.08733475981996071	-3.750063478946686E-4
199.0	0.029099967	0.08711021907907403	-3.750016912817955E-4
199.2	0.029049968	0.08711255579509242	-4.999944940209389E-4
199.4	0.02889997	0.08709070059153366	-0.0011250004172325134
199.6	0.028599968	0.08623827373577926	-0.0012499978765845299
199.8	0.02839997	0.08586873836926008	-8.749915286898613E-4
200.0	0.028249972	0.08552448396835963	-9.999936446547508E-4
200.2	0.027999973	0.0852408342999207	-0.0011249864473938942
200.4	0.027799977	0.08454087897194162	-8.749915286898613E-4
200.6	0.027649976	0.08445695570383635	-4.99999150633812E-4
200.8	0.027599977	0.08442890389942462	-3.7499237805604935E-4
201.0	0.02749998	0.08440231120903328	-4.999944940209389E-4
201.2	0.02739998	0.08431631017865245	-4.99999150633812E-4
201.4	0.02729998	0.08431909541923441	-7.499894127249718E-4
201.6	0.027099984	0.08429466245525244	-0.001374981366097927
201.8	0.026749987	0.0840948134151273	-0.0011249911040067673
202.0	0.026649987	0.08397783830740907	-7.499940693378448E-4
202.2	0.02644999	0.08362354738707337	-0.0013749906793236732
202.4	0.026099991	0.0826969778343938	-0.0016249949112534523
202.6	0.025799992	0.08215448878148797	-8.750008419156075E-4
202.8	0.02574999	0.08203314933897507	-7.499987259507179E-4
203.0	0.025499992	0.08154599834451706	-7.499940693378448E-4
203.2	0.025449993	0.08102343868763658	-6.249966099858284E-4
203.4	0.025249993	0.08068418311366339	-9.99998301267624E-4
203.6	0.025049994	0.08034300023741005	-9.999936446547508E-4
203.8	0.024849996	0.08009355406516833	-7.499940693378448E-4
204.0	0.024749996	0.0799683538532266	-4.999944940209389E-4
204.2	0.024649998	0.07974884152525011	-4.99999150633812E-4
204.4	0.024549996	0.07965423665752208	-7.499987259507179E-4
204.6	0.024349999	0.0794328502074703	-8.749961853027344E-4
204.8	0.024199998	0.07930548472816487	-8.749961853027344E-4
205.0	0.024	0.07911384330813194	-0.0011250050738453865
205.2	0.023749996	0.07895212096153768	-8.750054985284805E-4
205.4	0.023649998	0.07891880445201316	-6.250012665987015E-4
205.6	0.023499995	0.07869402810162668	-7.500080391764641E-4
205.8	0.023349995	0.07856384294947119	-0.001000002957880497
206.0	0.023099994	0.07820735198217227	-0.001000002957880497
206.2	0.022949994	0.07804356186679834	-8.750008419156075E-4
206.4	0.022749994	0.07774919511932735	-6.249966099858284E-4
206.6	0.022699995	0.07768339547699041	-6.250012665987015E-4
206.8	0.022499993	0.07690091131102961	-8.750054985284805E-4
207.0	0.022349993	0.07627566659724969	-5.00003807246685E-4
207.2	0.022299992	0.07617551996666753	-6.250012665987015E-4
207.4	0.022099992	0.07613534117062935	-9.99998301267624E-4
207.6	0.021899993	0.07556712203913318	-9.99998301267624E-4
207.8	0.021699993	0.07486060608320173	-6.249966099858284E-4
208.0	0.021649994	0.07459073350033514	-2.499949187040329E-4
208.2	0.021599995	0.07452140630743088	-3.7499237805604935E-4
208.4	0.021499997	0.07451677842141417	-6.249966099858284E-4
208.6	0.021349996	0.07434162800898428	-6.250012665987015E-4
208.8	0.021249996	0.07396578592203219	-3.749970346689224E-4
209.0	0.021199998	0.07382790851130983	-8.749915286898613E-4
209.2	0.0209	0.07326793287243229	-0.0012499978765845299
209.4	0.020699998	0.07322233467734396	-8.750054985284805E-4
209.6	0.020549998	0.07297395081556969	-4.99999150633812E-4
209.8	0.020499999	0.07262747406511773	-4.99999150633812E-4
210.0	0.020349998	0.07248018829937168	-6.250012665987015E-4
210.2	0.020249998	0.07233558938015647	-0.0013749860227108002
210.4	0.019800004	0.07150496511417354	-0.0011249864473938942
210.6	0.019800004	0.07150496511417354	-3.750063478946686E-4
210.8	0.019650001	0.07145892315534812	-3.750063478946686E-4
211.0	0.019650001	0.07145892315534812	-3.7499237805604935E-4
211.2	0.019500004	0.07067354492751671	-4.999898374080658E-4
211.4	0.019450005	0.070634251793579	-3.750016912817955E-4
211.6	0.019350003	0.07044911422844048	-6.250059232115746E-4
211.8	0.019200003	0.06972345334806193	-7.500080391764641E-4
212.0	0.01905	0.069315204165551	-6.250012665987015E-4
212.2	0.018950002	0.0693065485446507	-3.7499237805604935E-4
212.4	0.018900003	0.06930216616675013	-2.49999575316906E-4
212.6	0.018850002	0.06922555461352549	-2.5000423192977905E-4
212.8	0.018800002	0.06922109479820134	-3.750016912817955E-4
213.0	0.018700002	0.06895875601780643	-6.250012665987015E-4
213.2	0.018550001	0.0687996924179548	-6.249966099858284E-4
213.4	0.018450003	0.06879024241227405	-4.999944940209389E-4
213.6	0.018350003	0.06863510420959548	-9.999936446547508E-4
213.8	0.018050006	0.06765129334958773	-0.0012499932199716568
214.0	0.017850006	0.06737119302161675	-7.499987259507179E-4
214.2	0.017750006	0.06732337945093254	-7.500080391764641E-4
214.4	0.017550003	0.06685430165898462	-6.250059232115746E-4
214.6	0.017500004	0.06681130305382559	-3.749970346689224E-4
214.8	0.017400004	0.06619848890574027	-3.7499237805604935E-4
215.0	0.017350007	0.06596572925823446	-7.499847561120987E-4
215.2	0.01710001	0.06570836987423692	-8.749868720769882E-4
215.4	0.017000012	0.06554387792889711	-3.7499237805604935E-4
215.6	0.016950013	0.06553775683056298	-3.749970346689224E-4
215.8	0.016850013	0.06502751447229671	-6.250012665987015E-4
216.0	0.016700013	0.06473878229749239	-3.750016912817955E-4
216.2	0.016700013	0.06473878229749239	-5.00003807246685E-4
216.4	0.016500011	0.06459682770816155	-7.499987259507179E-4
216.6	0.016400013	0.06454486700606847	-4.999944940209389E-4
216.8	0.016300013	0.06433746944386122	-7.499987259507179E-4
217.0	0.016100014	0.06376354864729507	-8.750008419156075E-4
217.2	0.015950013	0.0637424302463239	-6.250012665987015E-4
217.4	0.015850013	0.06372815398327455	-3.750016912817955E-4
217.6	0.015800012	0.06372095523778708	-5.00003807246685E-4
217.8	0.015650012	0.06350257772588365	-3.750016912817955E-4
218.0	0.015650012	0.06350257772588365	-2.4999724701046944E-4
218.2	0.015550013	0.06336953087656907	-2.4999724701046944E-4
218.4	0.015550013	0.06336953087656907	-3.750016912817955E-4
218.6	0.015400012	0.0632284758040013	-3.750016912817955E-4
218.8	0.015400012	0.0632284758040013	-2.500019036233425E-4
219.0	0.015300011	0.06317364869276888	-6.249989382922649E-4
219.2	0.015150012	0.06295218452169436	-6.249966099858284E-4
219.4	0.015050013	0.06285696160715683	-5.000014789402485E-4
219.6	0.014950012	0.06276143206813083	-2.500019036233425E-4
219.8	0.014950012	0.06276143206813083	0.0
220.0	0.014950012	0.06276143206813083	0.0
220.2	0.014950012	0.06276143206813083	-1.24999787658453E-4
220.4	0.014900012	0.06219316595409667	-1.24999787658453E-4
220.6	0.014900012	0.06219316595409667	-3.750016912817955E-4
220.8	0.014750011	0.061521846782662586	-7.50003382563591E-4
221.0	0.014600011	0.06141530645751122	-7.499987259507179E-4
221.2	0.014450012	0.06126742628766625	-3.749970346689224E-4
221.4	0.014450012	0.06126742628766625	0.0
221.6	0.014450012	0.06126742628766625	-1.24999787658453E-4
221.8	0.014400012	0.06117712095855074	-5.000014789402485E-4
222.0	0.014250011	0.060905150483596744	-7.50003382563591E-4
222.2	0.0141000105	0.060837406101764434	-4.99999150633812E-4
222.4	0.0140500115	0.0607873144521578	-3.7499936297535896E-4
222.6	0.013950011	0.06052187785528814	-7.50003382563591E-4
222.8	0.01375001	0.06027800146337746	-6.249989382922649E-4
223.0	0.013700011	0.060227154027713434	-4.99999150633812E-4
223.2	0.0135500105	0.059614576105006964	-6.250012665987015E-4
223.4	0.013450011	0.05955331578804865	-5.000014789402485E-4
223.6	0.01335001	0.05953383510539832	-3.7499936297535896E-4
223.8	0.013300011	0.059017879711793196	-2.49999575316906E-4
224.0	0.01325001	0.05875319303237567	-3.750016912817955E-4
224.2	0.01315001	0.05864791067108663	-3.7499936297535896E-4
224.4	0.01310001	0.058552454856787735	-1.24999787658453E-4
224.6	0.01310001	0.058552454856787735	-2.500019036233425E-4
224.8	0.01300001	0.05818934683802431	-3.750016912817955E-4
225.0	0.01295001	0.058179014086531915	-5.000014789402485E-4
225.2	0.012800009	0.056843292506979455	-6.25003594905138E-4
225.4	0.012700008	0.056733675868274824	-5.000014789402485E-4
225.6	0.012600008	0.05622490633888256	-3.7499936297535896E-4
225.8	0.0125500085	0.05616936566254917	-3.749970346689224E-4
226.0	0.01245001	0.05561023058364638	-2.4999724701046944E-4
226.2	0.01245001	0.05561023058364638	-1.2500211596488953E-4
226.4	0.012400009	0.05559892073401146	-2.49999575316906E-4
226.6	0.01235001	0.05549754518346404	-2.499949187040329E-4
226.8	0.012300011	0.05494278976439925	-1.2499745935201645E-4
227.0	0.012300011	0.05494278976439925	0.0
227.2	0.012300011	0.05494278976439925	-2.500019036233425E-4
227.4	0.01220001	0.054828462051977785	-7.500010542571545E-4
227.6	0.01200001	0.05464430509871328	-6.249989382922649E-4
227.8	0.01195001	0.05449493195240821	-4.99999150633812E-4
228.0	0.011800011	0.05413649680304109	-4.99999150633812E-4
228.2	0.011750011	0.05407807167057511	-2.500019036233425E-4
228.4	0.01170001	0.05406579365460658	-3.750016912817955E-4
228.6	0.01160001	0.05376281356598187	-6.250012665987015E-4
228.8	0.011450009	0.05363205914980318	-3.750016912817955E-4
229.0	0.011450009	0.05363205914980318	-2.500019036233425E-4
229.2	0.011350009	0.053606692901541644	-4.99999150633812E-4
229.4	0.01125001	0.053018276248078554	-3.7499936297535896E-4
229.6	0.011200009	0.05300528411757821	-5.000014789402485E-4
229.8	0.011050009	0.05282421587911966	-7.500010542571545E-4
230.0	0.0109000085	0.052260789048623225	-3.750016912817955E-4
230.2	0.0109000085	0.052260789048623225	-2.49999575316906E-4
230.4	0.010800009	0.052041908031430065	-4.99999150633812E-4
230.6	0.010700009	0.05201451990271502	-2.49999575316906E-4
230.8	0.010700009	0.05201451990271502	-5.000061355531216E-4
231.0	0.010500006	0.05137849815125085	-6.250059232115746E-4
231.2	0.010450006	0.05136436166364714	-2.4999724701046944E-4
231.4	0.0104000075	0.05120390801736739	-1.2499745935201645E-4
231.6	0.0104000075	0.05120390801736739	0.0
231.8	0.0104000075	0.05120390801736739	-6.25003594905138E-4
232.0	0.010150006	0.05113196245616759	-0.00100000761449337
232.2	0.010000004	0.05094114466931973	-3.7500401958823204E-4
232.4	0.010000004	0.05094114466931973	-2.4999724701046944E-4
232.6	0.0099000055	0.05091159000462836	-4.99999150633812E-4
232.8	0.009800005	0.05073420989829218	-2.500019036233425E-4
233.0	0.009800005	0.05073420989829218	-1.24999787658453E-4
233.2	0.009750005	0.05071920351983553	-3.750016912817955E-4
233.4	0.009650004	0.050143570742523645	-3.750016912817955E-4
233.6	0.009600004	0.05012823765099206	-5.000014789402485E-4
233.8	0.0094500035	0.049731252833430314	-6.249989382922649E-4
234.0	0.009350005	0.04959916970061872	-2.4999724701046944E-4
234.2	0.009350005	0.04959916970061872	0.0
234.4	0.009350005	0.04959916970061872	-5.00003807246685E-4
234.6	0.009150003	0.04892624532608797	-5.00003807246685E-4
234.8	0.009150003	0.04892624532608797	-1.24999787658453E-4
235.0	0.009100003	0.04891001969939295	-1.24999787658453E-4
235.2	0.009100003	0.04891001969939295	0.0
235.4	0.009100003	0.04891001969939295	-1.24999787658453E-4
235.6	0.009050003	0.04889373729940323	-1.24999787658453E-4
235.8	0.009050003	0.04889373729940323	-1.2500211596488953E-4
236.0	0.009000002	0.04862098384651569	-4.99999150633812E-4
236.2	0.008850004	0.04779307118367519	-4.99999150633812E-4
236.4	0.008800003	0.04772378847274588	-1.2500211596488953E-4
236.6	0.008800003	0.04772378847274588	-1.24999787658453E-4
236.8	0.008750003	0.04717984253285799	-4.99999150633812E-4
237.0	0.008600003	0.04696850119499386	-3.7499936297535896E-4
237.2	0.008600003	0.04696850119499386	0.0
237.4	0.008600003	0.04696850119499386	0.0
237.6	0.008600003	0.04696850119499386	-3.750016912817955E-4
237.8	0.008450002	0.04637992566392291	-6.250012665987015E-4
238.0	0.008350003	0.045801501118084044	-3.7499936297535896E-4
238.2	0.008300003	0.0457286566828487	-1.24999787658453E-4
238.4	0.008300003	0.0457286566828487	0.0
238.6	0.008300003	0.0457286566828487	-2.49999575316906E-4
238.8	0.008200003	0.04480803618206198	-2.49999575316906E-4
239.0	0.008200003	0.04480803618206198	-1.2499745935201645E-4
239.2	0.008150004	0.0442840551067777	-1.2499745935201645E-4
239.4	0.008150004	0.0442840551067777	0.0
239.6	0.008150004	0.0442840551067777	-1.2500211596488953E-4
239.8	0.008100003	0.04426499830323799	-1.2500211596488953E-4
240.0	0.008100003	0.04426499830323799	-1.24999787658453E-4
240.2	0.008050003	0.04418933713499113	-3.7499936297535896E-4
240.4	0.007950003	0.04358093029473182	-3.7499936297535896E-4
240.6	0.007900003	0.04350390827060268	-2.49999575316906E-4
240.8	0.007850003	0.0434842220803914	-3.7499936297535896E-4
241.0	0.0077500036	0.043329407449474965	-6.249989382922649E-4
241.2	0.007600004	0.04286303724239122	-5.000003147870302E-4
241.4	0.0075500035	0.042842706755244944	-3.7500052712857723E-4
241.6	0.0074500036	0.04268486272856762	-3.7500052712857723E-4
241.8	0.0074000033	0.04266427115748264	-2.49999575316906E-4
242.0	0.007350004	0.042643610239064184	-3.7499936297535896E-4
242.2	0.0072500035	0.04171255748107735	-2.5000073947012424E-4
242.4	0.0072500035	0.04171255748107735	-1.2500095181167126E-4
242.6	0.007200003	0.04169124600844411	-2.500019036233425E-4
242.8	0.0071500028	0.04166986345121963	-1.2500095181167126E-4
243.0	0.0071500028	0.04166986345121963	-1.2499862350523472E-4
243.2	0.0071000033	0.04164840900499617	-1.2499862350523472E-4
243.4	0.0071000033	0.04164840900499617	0.0
243.6	0.0071000033	0.04164840900499617	-1.2500095181167126E-4
243.8	0.007050003	0.04162688433006415	-2.5000073947012424E-4
244.0	0.007000003	0.041605287685345924	-1.24999787658453E-4
244.2	0.007000003	0.041605287685345924	0.0
244.4	0.007000003	0.041605287685345924	-1.2500211596488953E-4
244.6	0.006950002	0.0415836205256019	-1.2500211596488953E-4
244.8	0.006950002	0.0415836205256019	-1.2500095181167126E-4
245.0	0.006900002	0.04156188085332311	-2.49999575316906E-4
245.2	0.0068500023	0.04117739051405634	-2.49999575316906E-4
245.4	0.006800002	0.041155315974626225	-2.5000073947012424E-4
245.6	0.006750002	0.04107234549082066	-1.24999787658453E-4
245.8	0.006750002	0.04107234549082066	0.0
246.0	0.006750002	0.04107234549082066	-1.2500095181167126E-4
246.2	0.0067000017	0.04105009143668986	-1.2500095181167126E-4
246.4	0.0067000017	0.04105009143668986	-1.24999787658453E-4
246.6	0.0066500017	0.04102776456435013	-1.24999787658453E-4
246.8	0.0066500017	0.04102776456435013	-3.7500052712857723E-4
247.0	0.0065000015	0.040654027754793966	-5.000014789402485E-4
247.2	0.006450001	0.040631238172821174	-2.5000073947012424E-4
247.4	0.0064000012	0.040299380064936774	-1.24999787658453E-4
247.6	0.0064000012	0.040299380064936774	-5.000014789402485E-4
247.8	0.0062000006	0.0395165783846434	-6.250012665987015E-4
248.0	0.0061500007	0.03923872412254362	-1.24999787658453E-4
248.2	0.0061500007	0.03923872412254362	0.0
248.4	0.0061500007	0.03923872412254362	0.0
248.6	0.0061500007	0.03923872412254362	-2.500019036233425E-4
248.8	0.00605	0.03893452878620751	-2.500019036233425E-4
249.0	0.00605	0.03893452878620751	-1.2499862350523472E-4
249.2	0.0060000005	0.038910153101036335	-2.49999575316906E-4
249.4	0.00595	0.038756903072626386	-3.7499936297535896E-4
249.6	0.005850001	0.038513341960993666	-3.749981988221407E-4
249.8	0.005800001	0.03842343012888604	-1.24999787658453E-4
250.0	0.005800001	0.03842343012888604	0.0
250.2	0.005800001	0.03842343012888604	0.0
250.4	0.005800001	0.03842343012888604	-1.2500095181167126E-4
250.6	0.0057500005	0.038398405000938725	-1.2500095181167126E-4
250.8	0.0057500005	0.038398405000938725	0.0
251.0	0.0057500005	0.038398405000938725	0.0
251.2	0.0057500005	0.038398405000938725	0.0
251.4	0.0057500005	0.038398405000938725	-2.49999575316906E-4
251.6	0.0056500006	0.037756820743223486	-2.49999575316906E-4
251.8	0.0056500006	0.037756820743223486	0.0
252.0	0.0056500006	0.037756820743223486	-1.2500095181167126E-4
252.2	0.0056000003	0.03773115470839846	-1.2500095181167126E-4
252.4	0.0056000003	0.03773115470839846	0.0
252.6	0.0056000003	0.03773115470839846	-1.2499862350523472E-4
252.8	0.005550001	0.037639042142140686	-1.2499862350523472E-4
253.0	0.005550001	0.037639042142140686	0.0
253.2	0.005550001	0.037639042142140686	0.0
253.4	0.005550001	0.037639042142140686	0.0
253.6	0.005550001	0.037639042142140686	0.0
253.8	0.005550001	0.037639042142140686	0.0
254.0	0.005550001	0.037639042142140686	-1.2500095181167126E-4
254.2	0.0055000004	0.03667083311695385	-1.2500095181167126E-4
254.4	0.0055000004	0.03667083311695385	-2.49999575316906E-4
254.6	0.0054000006	0.036412085783825904	-3.7500052712857723E-4
254.8	0.00535	0.036385127963360665	-1.2500095181167126E-4
255.0	0.00535	0.036385127963360665	-1.24999787658453E-4
255.2	0.0053000003	0.03622029839504468	-2.5000073947012424E-4
255.4	0.00525	0.03619305887912496	-1.2500095181167126E-4
255.6	0.00525	0.03619305887912496	0.0
255.8	0.00525	0.03619305887912496	0.0
256.0	0.00525	0.03619305887912496	0.0
256.2	0.00525	0.03619305887912496	0.0
256.4	0.00525	0.03619305887912496	0.0
256.6	0.00525	0.03619305887912496	0.0
256.8	0.00525	0.03619305887912496	0.0
257.0	0.00525	0.03619305887912496	0.0
257.2	0.00525	0.03619305887912496	0.0
257.4	0.00525	0.03619305887912496	0.0
257.6	0.00525	0.03619305887912496	0.0
257.8	0.00525	0.03619305887912496	-2.5000073947012424E-4
258.0	0.0051499996	0.03599968735580207	-2.5000073947012424E-4
258.2	0.0051499996	0.03599968735580207	-3.7500052712857723E-4
258.4	0.0049999994	0.035355339200914396	-7.500010542571545E-4
258.6	0.004849999	0.03477035428321684	-5.000003147870302E-4
258.8	0.0047999993	0.03408753409666325	-2.5000073947012424E-4
259.0	0.004749999	0.03391072753163218	-2.5000073947012424E-4
259.2	0.004699999	0.03388082012232316	-1.24999787658453E-4
259.4	0.004699999	0.03388082012232316	-1.2500095181167126E-4
259.6	0.0046499986	0.033479508508752205	-1.2500095181167126E-4
259.8	0.0046499986	0.033479508508752205	0.0
260.0	0.0046499986	0.033479508508752205	-2.49999575316906E-4
260.2	0.004549999	0.03219933966587913	-2.49999575316906E-4
260.4	0.004549999	0.03219933966587913	-1.2500095181167126E-4
260.6	0.0044999984	0.03216753010413854	-1.2500095181167126E-4
260.8	0.0044999984	0.03216753010413854	-1.2499862350523472E-4
261.0	0.004449999	0.03213561043371267	-1.2499862350523472E-4
261.2	0.004449999	0.03213561043371267	0.0
261.4	0.004449999	0.03213561043371267	0.0
261.6	0.004449999	0.03213561043371267	0.0
261.8	0.004449999	0.03213561043371267	0.0
262.0	0.004449999	0.03213561043371267	0.0
262.2	0.004449999	0.03213561043371267	0.0
262.4	0.004449999	0.03213561043371267	-3.7500052712857723E-4
262.6	0.0042999987	0.03188275355985037	-5.000014789402485E-4
262.8	0.0042499984	0.03185023535848869	-1.2500095181167126E-4
263.0	0.0042499984	0.03185023535848869	-1.2499862350523472E-4
263.2	0.004199999	0.03173893463953137	-2.49999575316906E-4
263.4	0.0041499985	0.03170611124002751	-3.7500052712857723E-4
263.6	0.0040499987	0.03164012428321473	-3.7499936297535896E-4
263.8	0.003999999	0.03104834849048424	-1.24999787658453E-4
264.0	0.003999999	0.03104834849048424	0.0
264.2	0.003999999	0.03104834849048424	-1.24999787658453E-4
264.4	0.003949999	0.03101447169103842	-2.49999575316906E-4
264.6	0.003899999	0.029996500617214747	-1.24999787658453E-4
264.8	0.003899999	0.029996500617214747	-1.24999787658453E-4
265.0	0.003849999	0.02945636661726326	-1.24999787658453E-4
265.2	0.003849999	0.02945636661726326	0.0
265.4	0.003849999	0.02945636661726326	-1.2500095181167126E-4
265.6	0.0037999987	0.029249958123851026	-2.5000073947012424E-4
265.8	0.0037499988	0.02825663619616021	-2.49999575316906E-4
266.0	0.0036999988	0.028130232994036056	-1.24999787658453E-4
266.2	0.0036999988	0.028130232994036056	-2.49999575316906E-4
266.4	0.003599999	0.027332032926982424	-5.000003147870302E-4
266.6	0.0034999987	0.027161554822948103	-5.000008968636394E-4
266.8	0.0033999986	0.026428015302123065	-4.999997327104211E-4
267.0	0.0032999988	0.02634596729072072	-2.49999575316906E-4
267.2	0.0032999988	0.02634596729072072	-1.24999787658453E-4
267.4	0.003249999	0.026304705097052895	-2.500001573935151E-4
267.6	0.0031999988	0.026167919919711066	-2.500001573935151E-4
267.8	0.0031499988	0.02515109413666282	-2.49999575316906E-4
268.0	0.003099999	0.024194833704150695	-1.24999787658453E-4
268.2	0.003099999	0.024194833704150695	0.0
268.4	0.003099999	0.024194833704150695	0.0
268.6	0.003099999	0.024194833704150695	-2.49999575316906E-4
268.8	0.002999999	0.023579652129713375	-4.999997327104211E-4
269.0	0.002899999	0.023485952647352534	-2.500001573935151E-4
269.2	0.002899999	0.023485952647352534	-1.24999787658453E-4
269.4	0.0028499991	0.023438803262451503	-1.24999787658453E-4
269.6	0.0028499991	0.023438803262451503	0.0
269.8	0.0028499991	0.023438803262451503	-1.24999787658453E-4
270.0	0.0027999992	0.023391451459222126	-1.24999787658453E-4
270.2	0.0027999992	0.023391451459222126	0.0
270.4	0.0027999992	0.023391451459222126	-1.24999787658453E-4
270.6	0.0027499993	0.022911514161447037	-2.49999575316906E-4
270.8	0.0026999994	0.02286285156869874	-2.49999575316906E-4
271.0	0.0026499995	0.022593749219899505	-1.24999787658453E-4
271.2	0.0026499995	0.022593749219899505	0.0
271.4	0.0026499995	0.022593749219899505	0.0
271.6	0.0026499995	0.022593749219899505	0.0
271.8	0.0026499995	0.022593749219899505	-1.24999787658453E-4
272.0	0.0025999995	0.022209006439114325	-1.24999787658453E-4
272.2	0.0025999995	0.022209006439114325	0.0
272.4	0.0025999995	0.022209006439114325	-1.2500036973506212E-4
272.6	0.0025499994	0.022158462860609116	-1.2500036973506212E-4
272.8	0.0025499994	0.022158462860609116	0.0
273.0	0.0025499994	0.022158462860609116	0.0
273.2	0.0025499994	0.022158462860609116	-1.24999787658453E-4
273.4	0.0024999995	0.0219943172482718	-2.49999575316906E-4
273.6	0.0024499996	0.021943051331287843	-2.49999575316906E-4
273.8	0.0023999996	0.02177705151439315	-1.24999787658453E-4
274.0	0.0023999996	0.02177705151439315	0.0
274.2	0.0023999996	0.02177705151439315	0.0
274.4	0.0023999996	0.02177705151439315	0.0
274.6	0.0023999996	0.02177705151439315	0.0
274.8	0.0023999996	0.02177705151439315	0.0
275.0	0.0023999996	0.02177705151439315	0.0
275.2	0.0023999996	0.02177705151439315	0.0
275.4	0.0023999996	0.02177705151439315	0.0
275.6	0.0023999996	0.02177705151439315	-1.24999787658453E-4
275.8	0.0023499997	0.021725042757521643	-1.24999787658453E-4
276.0	0.0023499997	0.021725042757521643	0.0
276.2	0.0023499997	0.021725042757521643	0.0
276.4	0.0023499997	0.021725042757521643	-1.24999787658453E-4
276.6	0.0022999998	0.02167279411110659	-1.24999787658453E-4
276.8	0.0022999998	0.02167279411110659	0.0
277.0	0.0022999998	0.02167279411110659	-1.2500036973506212E-4
277.2	0.0022499997	0.02162030312744023	-1.2500036973506212E-4
277.4	0.0022499997	0.02162030312744023	-1.24999787658453E-4
277.6	0.0021999998	0.020860488818892423	-1.24999787658453E-4
277.8	0.0021999998	0.020860488818892423	-1.24999787658453E-4
278.0	0.0021499998	0.020563985543788712	-1.24999787658453E-4
278.2	0.0021499998	0.020563985543788712	0.0
278.4	0.0021499998	0.020563985543788712	0.0
278.6	0.0021499998	0.020563985543788712	-1.2500036973506212E-4
278.8	0.0020999997	0.02001474490441268	-2.500001573935151E-4
279.0	0.0020499998	0.019957391638512085	-1.24999787658453E-4
279.2	0.0020499998	0.019957391638512085	0.0
279.4	0.0020499998	0.019957391638512085	0.0
279.6	0.0020499998	0.019957391638512085	-1.24999787658453E-4
279.8	0.0019999999	0.019773719731230634	-1.24999787658453E-4
280.0	0.0019999999	0.019773719731230634	0.0
280.2	0.0019999999	0.019773719731230634	0.0
280.4	0.0019999999	0.019773719731230634	0.0
280.6	0.0019999999	0.019773719731230634	-1.2500036973506212E-4
280.8	0.0019499997	0.01907085468427385	-2.500004484318197E-4
281.0	0.0018999997	0.01901026042315335	-1.2500007869675756E-4
281.2	0.0018999997	0.01901026042315335	0.0
281.4	0.0018999997	0.01901026042315335	0.0
281.6	0.0018999997	0.01901026042315335	0.0
281.8	0.0018999997	0.01901026042315335	0.0
282.0	0.0018999997	0.01901026042315335	0.0
282.2	0.0018999997	0.01901026042315335	0.0
282.4	0.0018999997	0.01901026042315335	-1.24999787658453E-4
282.6	0.0018499998	0.01894933998318138	-1.24999787658453E-4
282.8	0.0018499998	0.01894933998318138	0.0
283.0	0.0018499998	0.01894933998318138	0.0
283.2	0.0018499998	0.01894933998318138	0.0
283.4	0.0018499998	0.01894933998318138	-1.24999787658453E-4
283.6	0.0017999999	0.01888809120076388	-1.24999787658453E-4
283.8	0.0017999999	0.01888809120076388	0.0
284.0	0.0017999999	0.01888809120076388	0.0
284.2	0.0017999999	0.01888809120076388	0.0
284.4	0.0017999999	0.01888809120076388	-1.2500036973506212E-4
284.6	0.0017499997	0.018693247572290163	-1.2500036973506212E-4
284.8	0.0017499997	0.018693247572290163	0.0
285.0	0.0017499997	0.018693247572290163	0.0
285.2	0.0017499997	0.018693247572290163	0.0
285.4	0.0017499997	0.018693247572290163	0.0
285.6	0.0017499997	0.018693247572290163	0.0
285.8	0.0017499997	0.018693247572290163	0.0
286.0	0.0017499997	0.018693247572290163	-1.24999787658453E-4
286.2	0.0016999998	0.017524554149831634	-1.24999787658453E-4
286.4	0.0016999998	0.017524554149831634	-1.2500007869675756E-4
286.6	0.0016499998	0.016424904621715492	-1.2500007869675756E-4
286.8	0.0016499998	0.016424904621715492	-1.2500036973506212E-4
287.0	0.0015999996	0.016199999991436325	-1.2500036973506212E-4
287.2	0.0015999996	0.016199999991436325	-1.24999787658453E-4
287.4	0.0015499997	0.01565559012577157	-1.24999787658453E-4
287.6	0.0015499997	0.01565559012577157	-1.24999787658453E-4
287.8	0.0014999998	0.015580436298127477	-1.24999787658453E-4
288.0	0.0014999998	0.015580436298127477	-1.24999787658453E-4
288.2	0.0014499999	0.015504757239489401	-1.24999787658453E-4
288.4	0.0014499999	0.015504757239489401	0.0
288.6	0.0014499999	0.015504757239489401	0.0
288.8	0.0014499999	0.015504757239489401	-1.2500007869675756E-4
289.0	0.0013999998	0.01542854515179034	-2.49999575316906E-4
289.2	0.00135	0.015351791675172866	-1.2499949662014842E-4
289.4	0.00135	0.015351791675172866	0.0
289.6	0.00135	0.015351791675172866	-1.2500007869675756E-4
289.8	0.0013	0.015274488148270253	-1.2500007869675756E-4
290.0	0.0013	0.015274488148270253	0.0
290.2	0.0013	0.015274488148270253	0.0
290.4	0.0013	0.015274488148270253	0.0
290.6	0.0013	0.015274488148270253	0.0
290.8	0.0013	0.015274488148270253	0.0
291.0	0.0013	0.015274488148270253	0.0
291.2	0.0013	0.015274488148270253	0.0
291.4	0.0013	0.015274488148270253	0.0
291.6	0.0013	0.015274488148270253	-1.24999787658453E-4
291.8	0.0012500001	0.015196627964849403	-1.24999787658453E-4
292.0	0.0012500001	0.015196627964849403	0.0
292.2	0.0012500001	0.015196627964849403	0.0
292.4	0.0012500001	0.015196627964849403	0.0
292.6	0.0012500001	0.015196627964849403	0.0
292.8	0.0012500001	0.015196627964849403	0.0
293.0	0.0012500001	0.015196627964849403	-1.2500007869675756E-4
293.2	0.0012	0.014783774879292624	-1.2500007869675756E-4
293.4	0.0012	0.014783774879292624	0.0
293.6	0.0012	0.014783774879292624	0.0
293.8	0.0012	0.014783774879292624	0.0
294.0	0.0012	0.014783774879292624	0.0
294.2	0.0012	0.014783774879292624	0.0
294.4	0.0012	0.014783774879292624	0.0
294.6	0.0012	0.014783774879292624	-1.24999787658453E-4
294.8	0.0011500001	0.01470297554908587	-1.24999787658453E-4
295.0	0.0011500001	0.01470297554908587	0.0
295.2	0.0011500001	0.01470297554908587	0.0
295.4	0.0011500001	0.01470297554908587	0.0
295.6	0.0011500001	0.01470297554908587	-1.2500007869675756E-4
295.8	0.0011000001	0.013556917183180953	-1.2500007869675756E-4
296.0	0.0011000001	0.013556917183180953	0.0
296.2	0.0011000001	0.013556917183180953	0.0
296.4	0.0011000001	0.013556917183180953	0.0
296.6	0.0011000001	0.013556917183180953	0.0
296.8	0.0011000001	0.013556917183180953	0.0
297.0	0.0011000001	0.013556917183180953	0.0
297.2	0.0011000001	0.013556917183180953	0.0
297.4	0.0011000001	0.013556917183180953	0.0
297.6	0.0011000001	0.013556917183180953	0.0
297.8	0.0011000001	0.013556917183180953	0.0
298.0	0.0011000001	0.013556917183180953	0.0
298.2	0.0011000001	0.013556917183180953	0.0
298.4	0.0011000001	0.013556917183180953	0.0
298.6	0.0011000001	0.013556917183180953	0.0
298.8	0.0011000001	0.013556917183180953	0.0
299.0	0.0011000001	0.013556917183180953	0.0
299.2	0.0011000001	0.013556917183180953	0.0
299.4	0.0011000001	0.013556917183180953	0.0
299.6	0.0011000001	0.013556917183180953	0.0
299.8	0.0011000001	0.013556917183180953	0.0
