0.0	0.05004952	0.0015803481592862746	0.0
0.2	0.05004952	0.0015803481592862746	3.750063478946686E-4
0.4	0.050199524	0.0031559468507140255	5.000177770853043E-4
0.6	0.05024953	0.0035266840791351884	5.000084638595581E-4
0.8	0.050399527	0.004983974488985169	3.749970346689224E-4
1.0	0.050399527	0.004983974488985169	1.2500211596488953E-4
1.2	0.050449528	0.005224701118621144	2.5000423192977905E-4
1.4	0.05049953	0.005454356226984035	6.249919533729553E-4
1.6	0.050699525	0.006285698222479165	6.249826401472092E-4
1.8	0.05074952	0.006475917037711907	3.7498772144317627E-4
2.0	0.05084952	0.006839408041947213	4.999898374080658E-4
2.2	0.050949518	0.0071831402079521765	6.249919533729553E-4
2.4	0.051099516	0.007667463904284184	6.250105798244476E-4
2.6	0.051199522	0.007972452704379915	5.000084638595581E-4
2.8	0.05129952	0.008264986570011101	6.249826401472092E-4
3.0	0.051449515	0.008683173568305579	6.249919533729553E-4
3.2	0.051549517	0.008949720853468334	2.5000423192977905E-4
3.4	0.051549517	0.008949720853468334	4.999898374080658E-4
3.6	0.051749513	0.009457140351915328	7.499847561120987E-4
3.8	0.05184951	0.009699355805623122	4.99999150633812E-4
4.0	0.051949512	0.009934661704361464	3.750063478946686E-4
4.2	0.051999513	0.01004987585536367	2.499949187040329E-4
4.4	0.05204951	0.010163537969082252	3.7498772144317627E-4
4.6	0.05214951	0.010386409625841314	5.000084638595581E-4
4.8	0.052249514	0.010836858640486259	7.50003382563591E-4
5.0	0.05244951	0.011247110983043197	6.249826401472092E-4
5.2	0.052499507	0.011346806025793523	3.750063478946686E-4
5.4	0.052599512	0.011542963469625597	6.250105798244476E-4
5.6	0.05274951	0.01203899931719854	6.250012665987015E-4
5.8	0.052849513	0.012222009028395245	6.250012665987015E-4
6.0	0.05299951	0.012489996279296114	3.749970346689224E-4
6.2	0.05299951	0.012489996279296114	1.2500211596488953E-4
6.4	0.053049512	0.012577659047707437	2.499949187040329E-4
6.6	0.05309951	0.012664517559762388	3.749970346689224E-4
6.8	0.05319951	0.012835887392389606	3.750063478946686E-4
7.0	0.053249512	0.012920429928576584	6.250105798244476E-4
7.2	0.053449515	0.013805705869251549	5.000084638595581E-4
7.4	0.053449515	0.013805705869251549	1.2500211596488953E-4
7.6	0.053499516	0.013883443592255098	3.749970346689224E-4
7.8	0.053599514	0.014037094087402543	2.499949187040329E-4
8.0	0.053599514	0.014037094087402543	5.000084638595581E-4
8.2	0.053799517	0.014510686114930806	7.50003382563591E-4
8.4	0.053899515	0.014655716177004096	3.750063478946686E-4
8.6	0.05394952	0.014727440772403346	7.500126957893372E-4
8.8	0.05419952	0.015243359819143288	8.749961853027344E-4
9.0	0.05429952	0.01537888204601983	3.749970346689224E-4
9.2	0.05434952	0.015445954585043034	3.749970346689224E-4
9.4	0.054449517	0.01557875215982517	4.999898374080658E-4
9.6	0.054549515	0.015709790363980045	6.250012665987015E-4
9.8	0.054699518	0.01590314476608223	6.250105798244476E-4
10.0	0.05479952	0.01618517885049118	2.5000423192977905E-4
10.2	0.05479952	0.01618517885049118	2.5000423192977905E-4
10.4	0.05489952	0.01630920030333061	5.000084638595581E-4
10.6	0.054999523	0.016583124419184744	6.250105798244476E-4
10.8	0.055149525	0.016910869774272783	6.250012665987015E-4
11.0	0.055249523	0.017027551464281962	8.749868720769882E-4
11.2	0.05549952	0.017313289957841444	6.249919533729553E-4
11.4	0.05549952	0.017313289957841444	2.5000423192977905E-4
11.6	0.05559952	0.017425269274206394	5.000084638595581E-4
11.8	0.055699524	0.01767795263997872	4.99999150633812E-4
12.0	0.05579952	0.01778651225170885	6.249919533729553E-4
12.2	0.05594952	0.01794707524445548	6.249919533729553E-4
12.4	0.05604952	0.018190588753368424	3.749970346689224E-4
12.6	0.05609952	0.018242533246370044	2.5000423192977905E-4
12.8	0.05614952	0.01829419359511403	3.749970346689224E-4
13.0	0.056249518	0.018396671668546218	4.99999150633812E-4
13.2	0.05634952	0.018498041209023982	6.250012665987015E-4
13.4	0.05649952	0.018648056725907847	6.249919533729553E-4
13.6	0.056599516	0.01874673381689399	4.99999150633812E-4
13.8	0.056699518	0.018844363318771047	4.99999150633812E-4
14.0	0.056799516	0.018940961431618036	6.249919533729553E-4
14.2	0.056949515	0.019083959995644655	6.250105798244476E-4
14.4	0.05704952	0.0191780478723744	5.000084638595581E-4
14.6	0.05714952	0.019271157964360273	2.499949187040329E-4
14.8	0.05714952	0.019271157964360273	2.499949187040329E-4
15.0	0.057249516	0.019363303447305365	3.7498772144317627E-4
15.2	0.057299513	0.01940901928027167	2.499949187040329E-4
15.4	0.057349514	0.019582581843703248	7.50003382563591E-4
15.6	0.057599515	0.019805050405492686	9.99998301267624E-4
15.8	0.057749514	0.020060845766084925	6.250012665987015E-4
16.0	0.057849515	0.020146402481067676	8.749775588512421E-4
16.2	0.058099505	0.020600728455424232	6.24973326921463E-4
16.4	0.058099505	0.020600728455424232	2.500135451555252E-4
16.6	0.05819951	0.02068236022838411	5.000177770853043E-4
16.8	0.05829951	0.020883247485350365	3.749970346689224E-4
17.0	0.05834951	0.020923134035595724	4.999898374080658E-4
17.2	0.058499508	0.021160104596627073	9.99998301267624E-4
17.4	0.058749508	0.02135269336244986	7.50003382563591E-4
17.6	0.05879951	0.021390653091927905	4.99999150633812E-4
17.8	0.058949508	0.02161937852345108	6.250012665987015E-4
18.0	0.05904951	0.021693259962925322	8.749868720769882E-4
18.2	0.059299503	0.021988861795019847	0.0013749860227108002
18.4	0.059599504	0.02253530628871252	8.749961853027344E-4
18.6	0.0596495	0.022569393982761105	3.7498772144317627E-4
18.8	0.0597495	0.02274725325101851	4.999898374080658E-4
19.0	0.059849497	0.022813976302284752	6.250012665987015E-4
19.2	0.0599995	0.02302172990753123	7.50003382563591E-4
19.4	0.0601495	0.023118770068808393	5.000084638595581E-4
19.6	0.060199503	0.023150810958571674	6.249919533729553E-4
19.8	0.060399495	0.023491275732685557	7.499940693378448E-4
20.0	0.0604995	0.023659036642550438	2.500135451555252E-4
20.2	0.0604995	0.023659036642550438	4.999898374080658E-4
20.4	0.060699496	0.02388535223246913	6.249919533729553E-4
20.6	0.060749497	0.02391521514065307	4.999898374080658E-4
20.8	0.060899492	0.024519176439776764	4.999898374080658E-4
21.0	0.060949493	0.02454786244886863	1.2500211596488953E-4
21.2	0.060949493	0.02454786244886863	1.2500211596488953E-4
21.4	0.060999494	0.02457641172689596	0.0013749860227108002
21.6	0.061499488	0.025352514934702513	0.0013749953359365463
21.8	0.061549492	0.02537907664089543	3.7501566112041473E-4
22.0	0.061649494	0.025529934170913666	6.250198930501938E-4
22.2	0.0617995	0.02580232663891218	6.250198930501938E-4
22.4	0.0618995	0.025853240802921534	3.750063478946686E-4
22.6	0.061949503	0.025878514530763543	3.749970346689224E-4
22.8	0.0620495	0.02592870109743353	6.249919533729553E-4
23.0	0.0621995	0.02600307702030809	3.749970346689224E-4
23.2	0.0621995	0.02600307702030809	4.99999150633812E-4
23.4	0.0623995	0.026575177077235796	8.750054985284805E-4
23.6	0.0625495	0.026739437858867166	9.99998301267624E-4
23.8	0.0627995	0.026854423046244597	6.249919533729553E-4
24.0	0.0627995	0.026854423046244597	2.4998560547828674E-4
24.2	0.06289949	0.027084867351538155	4.999898374080658E-4
24.4	0.062999494	0.02722131582254061	6.250105798244476E-4
24.6	0.0631495	0.02756043426423466	3.750063478946686E-4
24.8	0.0631495	0.02756043426423466	3.7498772144317627E-4
25.0	0.06329949	0.02780485638347151	7.499754428863525E-4
25.2	0.06344949	0.028135343236422375	7.499940693378448E-4
25.4	0.06359949	0.028284979047035155	7.500126957893372E-4
25.6	0.06374949	0.0286083473903732	6.250105798244476E-4
25.8	0.063849494	0.028647470053260314	3.7498772144317627E-4
26.0	0.06389949	0.0286668805502433	3.7498772144317627E-4
26.2	0.06399949	0.02870540089469542	5.000270903110504E-4
26.4	0.0640995	0.028743521683073817	7.500499486923218E-4
26.6	0.06429951	0.029163505308366373	6.250292062759399E-4
26.8	0.06434951	0.029181801487612485	5.000270903110504E-4
27.0	0.06449952	0.02923610859478208	5.000270903110504E-4
27.2	0.06454952	0.029339351437088473	5.000084638595581E-4
27.4	0.06469952	0.029561969626331033	3.750063478946686E-4
27.6	0.06469952	0.029561969626331033	2.5004148483276367E-4
27.8	0.06479954	0.02976508104764582	5.000270903110504E-4
28.0	0.064899534	0.03004979278550378	8.75033438205719E-4
28.2	0.06514955	0.030215518223227256	6.250478327274323E-4
28.4	0.06514955	0.030215518223227256	2.4998560547828674E-4
28.6	0.06524955	0.030247934596237157	6.250105798244476E-4
28.8	0.06539956	0.030460466984853253	6.250292062759399E-4
29.0	0.06549956	0.03057368230589467	7.500313222408295E-4
29.2	0.06569957	0.030716608802643035	7.500313222408295E-4
29.4	0.06579957	0.03082791017247249	3.750063478946686E-4
29.6	0.06584957	0.03084278767195895	6.250105798244476E-4
29.8	0.066049576	0.03106280014699119	0.0010000169277191162
30.0	0.06624958	0.031119729320994508	5.000084638595581E-4
30.2	0.06624958	0.031119729320994508	2.5004148483276367E-4
30.4	0.066349596	0.031227832998641736	3.750436007976532E-4
30.6	0.0663996	0.031241639834171473	3.750063478946686E-4
30.8	0.0664996	0.03126899499657046	6.250292062759399E-4
31.0	0.06664961	0.03130938452844561	5.000270903110504E-4
31.2	0.06669961	0.031322676351887034	3.7498772144317627E-4
31.4	0.0667996	0.03134900412406974	8.75033438205719E-4
31.6	0.06704962	0.031730073333402865	8.75033438205719E-4
31.8	0.06714962	0.0317549610735638	5.000084638595581E-4
32.0	0.067249626	0.03193646122069849	7.500126957893372E-4
32.2	0.06744962	0.0321402793675877	0.0010000169277191162
32.4	0.06764963	0.03226418382091438	8.75033438205719E-4
32.6	0.067799635	0.032452427616475	8.750520646572113E-4
32.8	0.06799965	0.03257299588421246	5.000457167625427E-4
33.0	0.06799965	0.03257299588421246	1.2502074241638184E-4
33.2	0.06804966	0.03281306988505395	3.750063478946686E-4
33.4	0.068149656	0.033061723459412835	8.750148117542267E-4
33.6	0.06839967	0.033263193767611485	7.500499486923218E-4
33.8	0.068449676	0.03334812678957258	6.250105798244476E-4
34.0	0.06864967	0.033684975213735924	4.999898374080658E-4
34.2	0.06864967	0.033684975213735924	1.2500211596488953E-4
34.4	0.06869967	0.03369436245985623	3.7498772144317627E-4
34.6	0.06879967	0.033860892734841476	3.7496909499168396E-4
34.8	0.06884966	0.03387000982793826	3.7498772144317627E-4
35.0	0.06894966	0.03388801494334532	3.750063478946686E-4
35.2	0.06899966	0.03389690341710802	2.5002285838127136E-4
35.4	0.06904967	0.034052864210761154	2.5002285838127136E-4
35.6	0.06909967	0.034061562845448486	3.750063478946686E-4
35.8	0.069199674	0.03422513783655482	2.5000423192977905E-4
36.0	0.069199674	0.03422513783655482	3.750063478946686E-4
36.2	0.06934968	0.034395894579768695	6.249919533729553E-4
36.4	0.06944967	0.03441217177778434	6.249919533729553E-4
36.6	0.06959967	0.034580920514404014	7.499754428863525E-4
36.8	0.06974966	0.03460401081099787	6.249919533729553E-4
37.0	0.06984967	0.03476316391089921	3.750063478946686E-4
37.2	0.06989966	0.03491403821954848	5.000270903110504E-4
37.4	0.07004968	0.035007107337994864	5.00064343214035E-4
37.6	0.07009969	0.03508546800185244	3.750063478946686E-4
37.8	0.07019968	0.03509928868560886	5.000084638595581E-4
38.0	0.07029969	0.0352549296221062	3.750249743461609E-4
38.2	0.07034969	0.03526155932332828	7.500313222408295E-4
38.4	0.070599705	0.035364389809655304	7.500313222408295E-4
38.6	0.070649706	0.035441184666716405	2.5002285838127136E-4
38.8	0.070699714	0.03551774304912416	3.750249743461609E-4
39.0	0.070799716	0.03552970679328621	4.999898374080658E-4
39.2	0.07089971	0.03561165636094326	2.4998560547828674E-4
39.4	0.07089971	0.03561165636094326	0.0
39.6	0.07089971	0.03561165636094326	2.5002285838127136E-4
39.8	0.07099972	0.035832946628071766	5.000270903110504E-4
40.0	0.07109972	0.03591364747612489	3.750249743461609E-4
40.2	0.07114973	0.035988575628334865	5.000457167625427E-4
40.4	0.07129974	0.036004306207274774	7.500126957893372E-4
40.6	0.071449734	0.03622702808643827	7.499940693378448E-4
40.8	0.07159974	0.03651629871905298	6.250478327274323E-4
41.0	0.07169975	0.036730233766621635	6.250478327274323E-4
41.2	0.071849756	0.036743401901759246	7.500499486923218E-4
41.4	0.07199977	0.03689173449320315	5.000270903110504E-4
41.6	0.07204977	0.037098484780728226	0.0010000169277191162
41.8	0.07239978	0.03765952832318449	0.0012500211596488953
42.0	0.072549775	0.037868160424374124	8.750148117542267E-4
42.2	0.072749786	0.03820912958495653	7.500313222408295E-4
42.4	0.07284979	0.03841064388618224	3.750063478946686E-4
42.6	0.07289979	0.038543353182468765	2.5000423192977905E-4
42.8	0.07294979	0.03880460787143434	2.5000423192977905E-4
43.0	0.07299979	0.03880721685215822	1.2500211596488953E-4
43.2	0.07299979	0.03880721685215822	1.2502074241638184E-4
43.4	0.0730498	0.03893838182966774	3.750249743461609E-4
43.6	0.0731498	0.03919920380985086	7.500126957893372E-4
43.8	0.0733498	0.039335449415115145	0.0011250190436840057
44.0	0.07359981	0.039661569480764755	8.750148117542267E-4
44.2	0.07369981	0.039664972893507726	6.249919533729553E-4
44.4	0.073849805	0.039920891401582774	5.000084638595581E-4
44.6	0.07389981	0.04004734782892916	2.5000423192977905E-4
44.8	0.07394981	0.040173344395354804	6.250105798244476E-4
45.0	0.07414982	0.04054969284157887	0.0011250562965869904
45.2	0.07439983	0.040738680532804314	7.500313222408295E-4
45.4	0.07444983	0.04080070597874756	4.999898374080658E-4
45.6	0.074599825	0.04092481044378716	6.249919533729553E-4
45.8	0.07469983	0.04098670607167593	7.499940693378448E-4
46.0	0.07489982	0.04129152565987324	7.500126957893372E-4
46.2	0.07499983	0.04135214755297127	6.250105798244476E-4
46.4	0.07514983	0.04141228760943947	0.001125037670135498
46.6	0.07544985	0.041770774062754173	7.500499486923218E-4
46.8	0.07544985	0.041770774062754173	5.000084638595581E-4
47.0	0.07564985	0.04194731895864167	6.249919533729553E-4
47.2	0.07569984	0.04194651502474854	1.2498348951339722E-4
47.4	0.07569984	0.04194651502474854	2.5002285838127136E-4
47.6	0.07579985	0.04230082859911469	7.500126957893372E-4
47.8	0.07599985	0.042414620984720056	0.001250002533197403
48.0	0.07629985	0.042758743319272645	9.99998301267624E-4
48.2	0.07639985	0.04287236991123371	2.4998560547828674E-4
48.4	0.07639985	0.04287236991123371	4.999898374080658E-4
48.6	0.076599844	0.04298185816284566	4.999898374080658E-4
48.8	0.076599844	0.04298185816284566	5.000084638595581E-4
49.0	0.07679985	0.04320601964292788	6.250478327274323E-4
49.2	0.07684986	0.04331948294326051	3.750249743461609E-4
49.4	0.07694986	0.04337277455376975	6.250105798244476E-4
49.6	0.07709987	0.04342338234459018	6.250478327274323E-4
49.8	0.07719988	0.043533436613080595	2.5002285838127136E-4
50.0	0.07719988	0.043533436613080595	5.000084638595581E-4
50.2	0.07739988	0.04409353808696395	7.500126957893372E-4
50.4	0.07749988	0.04437059949866361	6.250292062759399E-4
50.6	0.07764989	0.04447446009940264	8.750148117542267E-4
50.8	0.07784989	0.044574404810444904	7.499940693378448E-4
51.0	0.07794989	0.04467994673411394	3.750249743461609E-4
51.2	0.0779999	0.04473254006645576	6.250478327274323E-4
51.4	0.07819991	0.04494174126241883	6.250105798244476E-4
51.6	0.0782499	0.044938153140264496	6.250105798244476E-4
51.8	0.07844991	0.04508988410167416	7.500313222408295E-4
52.0	0.078549914	0.04519289291984639	7.499940693378448E-4
52.2	0.07874991	0.045287278681744945	0.0015000253915786743
52.4	0.079149924	0.04574688589328468	0.001500062644481659
52.6	0.079349935	0.04594646460575152	6.250292062759399E-4
52.8	0.079399936	0.045996087515589965	5.000084638595581E-4
53.0	0.07954994	0.04614431286120171	5.000270903110504E-4
53.2	0.07959995	0.04619350722837823	2.5002285838127136E-4
53.4	0.07964995	0.04640449944004572	3.750249743461609E-4
53.6	0.07974996	0.046663021986153276	6.250105798244476E-4
53.8	0.07989995	0.046701071951299265	4.999712109565735E-4
54.0	0.079949945	0.04669579875481287	2.4998560547828674E-4
54.2	0.079999946	0.0466904709096386	5.000084638595581E-4
54.4	0.08014995	0.04672769651729911	8.749961853027344E-4
54.6	0.080349945	0.046812151990013914	7.499940693378448E-4
54.8	0.080449946	0.04680061611450841	2.5000423192977905E-4
55.0	0.080449946	0.04680061611450841	3.750249743461609E-4
55.2	0.080599956	0.04715548820361796	7.499940693378448E-4
55.4	0.080749944	0.047454584811459304	7.499940693378448E-4
55.6	0.080899954	0.047646512142218427	7.500313222408295E-4
55.8	0.08104996	0.04773256410754478	9.99998301267624E-4
56.0	0.08129995	0.04775259220265851	7.499940693378448E-4
56.2	0.081349954	0.04774596966529649	3.750063478946686E-4
56.4	0.081449956	0.04794160640068405	3.750249743461609E-4
56.6	0.081499964	0.047934852917488356	3.750063478946686E-4
56.8	0.08159996	0.04797332782577657	3.7498772144317627E-4
57.0	0.08164996	0.04801851336066863	3.7498772144317627E-4
57.2	0.08174995	0.048108603003085885	3.7496909499168396E-4
57.4	0.08179995	0.04810155992415938	3.750063478946686E-4
57.6	0.081899956	0.0481911830751574	2.5002285838127136E-4
57.8	0.081899956	0.0481911830751574	3.750063478946686E-4
58.0	0.08204996	0.04847986771739638	6.249919533729553E-4
58.2	0.08214995	0.04861972472914611	6.250105798244476E-4
58.4	0.08229996	0.04859742927926192	0.0012500397861003876
58.6	0.08264997	0.04880038499374518	0.0010000355541706085
58.8	0.08269998	0.04894599138026561	2.5000423192977905E-4
59.0	0.08274997	0.04893810063467072	4.999898374080658E-4
59.2	0.08289997	0.04906720017685985	7.500126957893372E-4
59.4	0.083049975	0.04924629500694833	6.250105798244476E-4
59.6	0.08314998	0.049381957166359985	7.500126957893372E-4
59.8	0.08334998	0.04960118647487021	8.750148117542267E-4
60.0	0.08349998	0.049676454578278545	5.000084638595581E-4
60.2	0.083549984	0.04981864813862287	3.7498772144317627E-4
60.4	0.08364998	0.049951753111585485	7.500126957893372E-4
60.6	0.08384999	0.050016772934749675	8.750148117542267E-4
60.8	0.083999984	0.04998999974650041	6.250105798244476E-4
61.0	0.08409999	0.050121753135022276	3.750063478946686E-4
61.2	0.08414999	0.050112649473566175	3.7498772144317627E-4
61.4	0.08424999	0.05009428746997404	7.499940693378448E-4
61.6	0.084449984	0.05020655041368551	9.999796748161316E-4
61.8	0.08464998	0.050466599132798454	7.499754428863525E-4
62.0	0.084749974	0.05044737552050228	2.4998560547828674E-4
62.2	0.084749974	0.05044737552050228	1.2500211596488953E-4
62.4	0.084799975	0.0504376855915064	7.499940693378448E-4
62.6	0.08504997	0.05068528027224851	7.500126957893372E-4
62.8	0.08509998	0.050724650189412336	7.500499486923218E-4
63.0	0.08534999	0.05082201907244757	7.500313222408295E-4
63.2	0.08539999	0.05081181161093477	1.2500211596488953E-4
63.4	0.08539999	0.05081181161093477	2.5000423192977905E-4
63.6	0.085499994	0.05084043727360542	7.499940693378448E-4
63.8	0.08569999	0.05104419772882543	8.749775588512421E-4
64.0	0.085849985	0.05106150837900919	6.249547004699707E-4
64.2	0.08594997	0.05128447724055897	3.7498772144317627E-4
64.4	0.08599998	0.05127377600459026	3.750063478946686E-4
64.6	0.086099975	0.05134968403911482	3.7498772144317627E-4
64.8	0.086149976	0.05138752415607776	3.750249743461609E-4
65.0	0.086249985	0.05136572490149466	3.750249743461609E-4
65.2	0.086299986	0.051452017674421764	7.500126957893372E-4
65.4	0.08654999	0.05159067312382084	8.750148117542267E-4
65.6	0.08664999	0.05181001546593435	5.000457167625427E-4
65.8	0.08675001	0.051932048910580814	0.0010000541806221008
66.0	0.08705001	0.0522474645056534	0.0012500211596488953
66.2	0.08725002	0.052630196076603825	7.499940693378448E-4
66.4	0.08735001	0.05265432190651926	7.500126957893372E-4
66.6	0.08755002	0.05284408854170287	0.0010000541806221008
66.8	0.08775003	0.05312661846850227	0.0012500770390033722
67.0	0.08805005	0.05352287038499051	0.001125037670135498
67.2	0.08820005	0.053672712698761525	7.500313222408295E-4
67.4	0.088350065	0.053914540770016714	0.0010000355541706085
67.6	0.08860006	0.05403739475497729	0.0011249817907810211
67.8	0.08880006	0.054355865924571055	7.499940693378448E-4
68.0	0.08890006	0.05446824879298957	2.5000423192977905E-4
68.2	0.08890006	0.05446824879298957	6.250292062759399E-4
68.4	0.08915007	0.054815852008252605	0.001250002533197403
68.6	0.08940006	0.05493305218589367	6.24973326921463E-4
68.8	0.08940006	0.05493305218589367	3.750249743461609E-4
69.0	0.08955007	0.05507538052566402	6.250478327274323E-4
69.2	0.08965008	0.055094261643633916	4.999898374080658E-4
69.4	0.08975007	0.05524886964961591	8.750148117542267E-4
69.6	0.090000086	0.05572252710910719	0.001125037670135498
69.8	0.09020008	0.05598178345525317	0.0013749860227108002
70.0	0.09055008	0.056331142234350366	8.749961853027344E-4
70.2	0.09055008	0.056331142234350366	2.5002285838127136E-4
70.4	0.09065009	0.056347828039343906	5.000084638595581E-4
70.6	0.09075008	0.056452968639256314	3.7496909499168396E-4
70.8	0.09080008	0.056748216836719656	6.250105798244476E-4
71.0	0.09100009	0.05691221498332675	9.99998301267624E-4
71.2	0.091200076	0.05703121963802407	0.0011249631643295288
71.4	0.09145007	0.05726602587129202	0.0010000169277191162
71.6	0.09160008	0.05748425891336263	8.750148117542267E-4
71.8	0.09180008	0.057859831950169874	6.24973326921463E-4
72.0	0.09185007	0.057931663449192365	6.250292062759399E-4
72.2	0.09205009	0.05834635906020799	7.500313222408295E-4
72.4	0.092150085	0.05848826831341295	6.250105798244476E-4
72.6	0.092300095	0.058657567691182175	7.500126957893372E-4
72.8	0.09245009	0.05886847840013564	7.500126957893372E-4
73.0	0.0926001	0.05890874319696758	6.250292062759399E-4
73.2	0.0927001	0.059343999222895905	6.250105798244476E-4
73.4	0.092850104	0.05946745015082464	5.000084638595581E-4
73.6	0.092900105	0.05962038451648122	3.750249743461609E-4
73.8	0.093000114	0.05988322087542969	6.250292062759399E-4
74.0	0.09315012	0.06021277070089882	0.0011250190436840057
74.2	0.09345012	0.06074205721392275	0.0012500397861003876
74.4	0.09365013	0.060804421178660376	8.75033438205719E-4
74.6	0.093800135	0.06092257594828347	7.500126957893372E-4
74.8	0.09395014	0.06108107451923165	7.499940693378448E-4
75.0	0.09410013	0.06136114493655051	7.499568164348602E-4
75.2	0.09425012	0.06143645302175167	6.24973326921463E-4
75.4	0.09435012	0.0615676660975012	6.250105798244476E-4
75.6	0.094500124	0.06168265667687947	5.000270903110504E-4
75.8	0.09455013	0.06170735479002883	7.500313222408295E-4
76.0	0.09480014	0.06199161243921869	0.0011250190436840057
76.2	0.09500014	0.06220932414457327	7.500126957893372E-4
76.4	0.09510014	0.06233771144675563	2.5000423192977905E-4
76.6	0.09510014	0.06233771144675563	7.499940693378448E-4
76.8	0.09540014	0.06256069186665203	0.001250002533197403
77.0	0.09560014	0.06277451789737856	0.0012500397861003876
77.2	0.095900156	0.06291414994226607	0.001500062644481659
77.4	0.09620017	0.06328949457086484	8.750148117542267E-4
77.6	0.09625016	0.06331222366869917	7.499940693378448E-4
77.8	0.096500166	0.06358262551112501	8.750148117542267E-4
78.0	0.09660017	0.06386266502730659	6.250105798244476E-4
78.2	0.09675017	0.0639682547891573	7.500126957893372E-4
78.4	0.09690017	0.06422920101940237	5.000084638595581E-4
78.6	0.09695017	0.06425105155181118	3.7498772144317627E-4
78.8	0.09705017	0.06425572164605294	4.999898374080658E-4
79.0	0.09715017	0.0643379941227318	7.500126957893372E-4
79.2	0.09735017	0.06438538256388023	7.500126957893372E-4
79.4	0.097450174	0.06442823732725418	3.750063478946686E-4
79.6	0.097500175	0.064565858869896	4.999712109565735E-4
79.8	0.09765016	0.06459084681629058	4.999712109565735E-4
80.0	0.09770016	0.06465067789371305	6.249919533729553E-4
80.2	0.09790016	0.06473476863391467	9.999796748161316E-4
80.4	0.098100156	0.0650106924670416	6.249919533729553E-4
80.6	0.09815016	0.06506978940684237	6.250105798244476E-4
80.8	0.09835016	0.06511357381338294	7.499940693378448E-4
81.0	0.098450154	0.06515441378516205	5.000084638595581E-4
81.2	0.09855016	0.06515671488718303	0.0010000355541706085
81.4	0.09885017	0.06546890701203566	0.0010000169277191162
81.6	0.09895017	0.06550875891030153	8.750148117542267E-4
81.8	0.099200174	0.06572183929624281	9.99998301267624E-4
82.0	0.09935017	0.06574250986397036	4.999898374080658E-4
82.2	0.09940017	0.0657619972211363	3.7498772144317627E-4
82.4	0.099500164	0.06583881954829919	5.000084638595581E-4
82.6	0.09960017	0.06587746413241817	5.000457167625427E-4
82.8	0.09970018	0.06618088945144074	3.750249743461609E-4
83.0	0.09975018	0.06619998095955054	3.750249743461609E-4
83.2	0.09985019	0.06627576927821174	5.000084638595581E-4
83.4	0.09995019	0.06623818746899339	6.249919533729553E-4
83.6	0.10010019	0.06659572159198307	5.000084638595581E-4
83.8	0.10015019	0.06680177757629074	6.250105798244476E-4
84.0	0.10035019	0.06687583634532229	8.749961853027344E-4
84.2	0.10050019	0.06685618884711021	7.499940693378448E-4
84.4	0.10065019	0.06713477215234563	6.250292062759399E-4
84.6	0.1007502	0.06713372830671466	6.250292062759399E-4
84.8	0.1009002	0.0671877230773541	5.000084638595581E-4
85.0	0.100950204	0.06720563575328001	7.500126957893372E-4
85.2	0.10120021	0.06748007201208286	7.500126957893372E-4
85.4	0.10125021	0.06757172324554923	2.5000423192977905E-4
85.6	0.10130021	0.06762625321392354	8.75033438205719E-4
85.8	0.10160022	0.0679885281514116	0.0010000169277191162
86.0	0.10170022	0.06798610244746295	7.499940693378448E-4
86.2	0.10190022	0.06794402200359778	9.999796748161316E-4
86.4	0.10210021	0.06812187707771022	6.249919533729553E-4
86.6	0.10215022	0.068138664772485	5.000270903110504E-4
86.8	0.10230022	0.06822543486569901	4.999898374080658E-4
87.0	0.10235021	0.06827867747809463	2.4998560547828674E-4
87.2	0.10240021	0.06829524237233757	7.500126957893372E-4
87.4	0.10265022	0.06866933427923183	9.999796748161316E-4
87.6	0.102800205	0.06879069810768851	8.749775588512421E-4
87.8	0.10300021	0.06881860308948333	0.0012500397861003876
88.0	0.10330022	0.06913110956455006	7.500313222408295E-4
88.2	0.10330022	0.06913110956455006	3.7498772144317627E-4
88.4	0.10345022	0.06921414458869957	6.250105798244476E-4
88.6	0.103550225	0.06917295451770461	2.5002285838127136E-4
88.8	0.103550225	0.06917295451770461	5.000084638595581E-4
89.0	0.10375023	0.06937894235683603	7.500126957893372E-4
89.2	0.10385023	0.06951746290518215	7.500126957893372E-4
89.4	0.104050234	0.06982906016425461	6.250105798244476E-4
89.6	0.104100235	0.0698082396371612	3.750249743461609E-4
89.8	0.104200244	0.06987388742417056	4.999898374080658E-4
90.0	0.10430023	0.07018910265150977	6.24973326921463E-4
90.2	0.10445023	0.0702687541799357	6.249919533729553E-4
90.4	0.10455023	0.07029792039912765	6.250105798244476E-4
90.6	0.10470024	0.07037691475717164	5.000457167625427E-4
90.8	0.104750246	0.07035579315601717	6.250292062759399E-4
91.0	0.10495025	0.07055492637376619	0.0011250004172325134
91.2	0.105200246	0.07097858944575772	8.749961853027344E-4
91.4	0.10530025	0.07125243945574015	6.250105798244476E-4
91.6	0.10545025	0.07129374318653559	6.250105798244476E-4
91.8	0.10555025	0.07135613105844674	3.750249743461609E-4
92.0	0.10560026	0.0713697410674255	7.499754428863525E-4
92.2	0.10585024	0.07154213749424002	0.0013749673962593079
92.4	0.10615025	0.07203941861233962	9.999796748161316E-4
92.6	0.106250234	0.07220414003986651	4.999712109565735E-4
92.8	0.106350236	0.07216077500318906	3.7498772144317627E-4
93.0	0.10640023	0.072139034775444	8.749775588512421E-4
93.2	0.10670023	0.07238860486066566	0.0011249817907810211
93.4	0.10685022	0.07252983982444446	4.999898374080658E-4
93.6	0.10690022	0.07254233476357994	2.4998560547828674E-4
93.8	0.106950216	0.07252032431505533	2.4998560547828674E-4
94.0	0.10700022	0.07256721095795926	3.750249743461609E-4
94.2	0.107100226	0.07266078952336687	6.250292062759399E-4
94.4	0.10725023	0.07293790277831631	7.499940693378448E-4
94.6	0.10740022	0.07300849347745889	8.750148117542267E-4
94.8	0.107600234	0.07322731685372824	8.750148117542267E-4
95.0	0.10775023	0.0733650968176133	4.999898374080658E-4
95.2	0.10780023	0.0735469926837786	3.7498772144317627E-4
95.4	0.107900225	0.0735703060775983	6.24973326921463E-4
95.6	0.10805022	0.07367290837091175	0.0013750232756137848
95.8	0.108450234	0.0739330619320928	0.001250002533197403
96.0	0.10855022	0.07412420410830335	9.99998301267624E-4
96.2	0.10885023	0.07439205216489218	0.0017500482499599457
96.4	0.10925024	0.07501291483596297	0.0016250461339950562
96.6	0.10950025	0.07552979474873427	0.0010000541806221008
96.8	0.10965026	0.07569265382747208	7.500313222408295E-4
97.0	0.109800264	0.07575592423945778	8.750520646572113E-4
97.2	0.11000028	0.07572978355542023	7.500685751438141E-4
97.4	0.11010029	0.07574952073503251	3.750249743461609E-4
97.6	0.11015029	0.07575934053205083	6.249919533729553E-4
97.8	0.11035029	0.07586420656360211	7.499754428863525E-4
98.0	0.11045028	0.07588344793136817	3.7498772144317627E-4
98.2	0.11050028	0.0759259529866	8.750148117542267E-4
98.4	0.11080029	0.07611412404210183	9.99998301267624E-4
98.6	0.11090028	0.076198360305819	8.749961853027344E-4
98.8	0.11115029	0.07640796675289893	8.749961853027344E-4
99.0	0.11125028	0.07652409830547917	6.249919533729553E-4
99.2	0.111400284	0.07658355147775968	8.75033438205719E-4
99.4	0.111600295	0.07661879782755576	7.500499486923218E-4
99.6	0.111700304	0.07699422298387895	4.999898374080658E-4
99.8	0.11180029	0.07707632822392775	7.499754428863525E-4
100.0	0.112000294	0.07730459480990352	0.0010000169277191162
100.2	0.1122003	0.07766054582537804	7.500126957893372E-4
100.4	0.1123003	0.0777734523859213	8.750148117542267E-4
100.6	0.1125503	0.07774958375309894	6.250105798244476E-4
100.8	0.1125503	0.07774958375309894	6.249919533729553E-4
101.0	0.1128003	0.07826979194828278	0.0011249817907810211
101.2	0.113000296	0.07820485720138096	7.499940693378448E-4
101.4	0.1131003	0.07828403534345547	7.499940693378448E-4
101.6	0.11330029	0.07853731812621781	8.750148117542267E-4
101.8	0.1134503	0.07859133469970121	5.000270903110504E-4
102.0	0.113500305	0.07863046611368758	2.5000423192977905E-4
102.2	0.113550305	0.07863776343643036	7.500126957893372E-4
102.4	0.11380031	0.0789908836541107	8.749961853027344E-4
102.6	0.113900304	0.07903663927862788	7.499940693378448E-4
102.8	0.11410031	0.07912768382846885	7.499940693378448E-4
103.0	0.1142003	0.0790781904940214	5.000084638595581E-4
103.2	0.11430031	0.07915497676669377	2.5002285838127136E-4
103.4	0.11430031	0.07915497676669377	7.499754428863525E-4
103.6	0.1146003	0.07928959796376721	0.0011249817907810211
103.8	0.1147503	0.07940363791366707	8.749961853027344E-4
104.0	0.1149503	0.07955499887023353	7.499940693378448E-4
104.2	0.1150503	0.07959898110113946	4.999712109565735E-4
104.4	0.11515029	0.07958000941764036	7.499940693378448E-4
104.6	0.1153503	0.07976137650775293	0.0011250190436840057
104.8	0.115600295	0.07985386788876564	6.249919533729553E-4
105.0	0.115600295	0.07985386788876564	2.5000423192977905E-4
105.2	0.1157003	0.08002193256575525	3.750063478946686E-4
105.4	0.1157503	0.0800589645650233	5.000084638595581E-4
105.6	0.1159003	0.08004492296166028	7.500126957893372E-4
105.8	0.1160503	0.08012426505905657	8.749961853027344E-4
106.0	0.1162503	0.08033328822287764	9.99998301267624E-4
106.2	0.1164503	0.08038592661018908	0.0010000355541706085
106.4	0.11665031	0.08037585372004086	0.0010000169277191162
106.6	0.11685031	0.08086146929581817	8.750148117542267E-4
106.8	0.11700032	0.08106170651377648	6.250478327274323E-4
107.0	0.11710033	0.0812563252793148	2.5002285838127136E-4
107.2	0.11710033	0.0812563252793148	2.4998560547828674E-4
107.4	0.11720032	0.08129674207750055	6.249919533729553E-4
107.6	0.117350325	0.08128024265706521	7.500126957893372E-4
107.8	0.11750033	0.08172361801110538	9.999796748161316E-4
108.0	0.11775032	0.08192946916712328	0.001250002533197403
108.2	0.11800033	0.08222530276017265	7.500313222408295E-4
108.4	0.11805033	0.08238141320224579	3.750249743461609E-4
108.6	0.11815034	0.08245045710131221	8.749961853027344E-4
108.8	0.11840033	0.08250114992360123	8.749775588512421E-4
109.0	0.11850033	0.08269069049458118	3.750063478946686E-4
109.2	0.11855033	0.08278525180580243	3.750249743461609E-4
109.4	0.11865034	0.08279297815269175	6.250292062759399E-4
109.6	0.11880034	0.08292502889035144	8.749961853027344E-4
109.8	0.11900034	0.08284925906101412	7.499940693378448E-4
110.0	0.11910034	0.08288661110821055	3.750063478946686E-4
110.2	0.11915034	0.08285998983209326	3.7498772144317627E-4
110.4	0.119250335	0.08295744572843827	0.0013749673962593079
110.6	0.11970033	0.08331812792348836	0.0013749860227108002
110.8	0.11980033	0.08353418702896426	6.249919533729553E-4
111.0	0.119950324	0.08360321705236524	7.500126957893372E-4
111.2	0.120100334	0.08382118135612283	7.500313222408295E-4
111.4	0.12025034	0.08379998322639655	0.001250002533197403
111.6	0.120600335	0.08384890987274435	0.0014999881386756897
111.8	0.12085033	0.08404033433439852	9.99998301267624E-4
112.0	0.121000335	0.08434453360097757	7.499940693378448E-4
112.2	0.12115033	0.08446998248341167	6.249919533729553E-4
112.4	0.12125033	0.08453364950085268	7.499940693378448E-4
112.6	0.12145033	0.08463094700658891	7.499940693378448E-4
112.8	0.12155033	0.08469414266387466	5.000084638595581E-4
113.0	0.12165033	0.08487506805085525	6.249919533729553E-4
113.2	0.121800326	0.08493974144328943	8.749589323997498E-4
113.4	0.122000314	0.08512344144894572	0.0013749487698078156
113.6	0.122350305	0.08536965427962936	0.0011249445378780365
113.8	0.12245029	0.08531411296297875	8.750148117542267E-4
114.0	0.12270031	0.08561372724578462	0.0012500211596488953
114.2	0.1229503	0.08582422637325557	6.24973326921463E-4
114.4	0.1229503	0.08582422637325557	4.999898374080658E-4
114.6	0.1231503	0.0859161090445917	6.249919533729553E-4
114.8	0.1232003	0.08597534752815839	2.4998560547828674E-4
115.0	0.12325029	0.08600545229874614	7.499754428863525E-4
115.2	0.12350029	0.0862134001621702	8.750148117542267E-4
115.4	0.1236003	0.08624407020758289	7.500313222408295E-4
115.6	0.1238003	0.08644975206279419	9.99998301267624E-4
115.8	0.124000296	0.08665448801753092	0.0011249817907810211
116.0	0.12425029	0.08682993637872173	0.0011250004172325134
116.2	0.124450296	0.08688899732209822	0.0012499839067459106
116.4	0.12475029	0.08723495774315031	0.0011249817907810211
116.6	0.12490029	0.08734981558296004	8.75033438205719E-4
116.8	0.1251003	0.08772109388896145	8.750148117542267E-4
117.0	0.1252503	0.0878347194347036	6.249919533729553E-4
117.2	0.1253503	0.08791972407945359	7.500499486923218E-4
117.4	0.12555031	0.08803236806205043	8.749961853027344E-4
117.6	0.1257003	0.08817318410046615	4.999712109565735E-4
117.8	0.1257503	0.08822946159806484	3.750249743461609E-4
118.0	0.1258503	0.08825688547612558	6.249919533729553E-4
118.2	0.1260003	0.08828363638631691	8.749961853027344E-4
118.4	0.1262003	0.08853564452508149	7.500499486923218E-4
118.6	0.12630032	0.08856246581828106	7.500126957893372E-4
118.8	0.12650031	0.0886721512484215	0.0014999881386756897
119.0	0.12690032	0.08911447917919728	0.0018750131130218506
119.2	0.12725031	0.08969357745476073	0.0015000253915786743
119.4	0.12750033	0.09007635860225355	7.500126957893372E-4
119.6	0.12755032	0.09013044937114965	0.0010000169277191162
119.8	0.12790033	0.09025846397967499	0.0014999881386756897
120.0	0.12815031	0.09047141989450538	8.749589323997498E-4
120.2	0.12825032	0.0905783522771631	5.000084638595581E-4
120.4	0.12835032	0.09071261128511562	6.250292062759399E-4
120.6	0.12850033	0.09084464921698623	4.999712109565735E-4
120.8	0.1285503	0.0908427096042566	8.75033438205719E-4
121.0	0.12885034	0.09099548256260408	0.0012500956654548645
121.2	0.12905034	0.09104173669024496	0.0010000169277191162
121.4	0.12925035	0.09130683351958452	0.0010000169277191162
121.6	0.12945035	0.09143411765952418	5.000084638595581E-4
121.8	0.12945035	0.09143411765952418	1.2498348951339722E-4
122.0	0.12950034	0.09140432369573707	7.500126957893372E-4
122.2	0.12975036	0.09139167244862224	0.0010000541806221008
122.4	0.12990037	0.09162963703943114	0.0011249631643295288
122.6	0.13020034	0.09169493116945904	0.0013749301433563232
122.8	0.13045034	0.09176218077538421	0.0012500211596488953
123.0	0.13070035	0.09185592169959826	8.749961853027344E-4
123.2	0.13080034	0.09187687587546378	7.500126957893372E-4
123.4	0.13100035	0.09202717210995028	9.999796748161316E-4
123.6	0.13120033	0.09220390663954689	8.749216794967651E-4
123.8	0.13135032	0.09241037714166796	9.999796748161316E-4
124.0	0.13160032	0.09266304729056751	0.001375041902065277
124.2	0.13190034	0.09285682722356364	0.0011250749230384827
124.4	0.13205035	0.09303385332386215	9.999796748161316E-4
124.6	0.13230033	0.09333654362358257	9.999796748161316E-4
124.8	0.13245034	0.09348528143440925	0.0010000169277191162
125.0	0.13270034	0.09389201438654188	0.0011249259114265442
125.2	0.13290031	0.0942474953270999	8.749589323997498E-4
125.4	0.13305032	0.09434085984566372	7.500126957893372E-4
125.6	0.13320032	0.09438093221693192	8.75033438205719E-4
125.8	0.13340034	0.09444278889151904	0.0010000541806221008
126.0	0.13360034	0.0946363580887401	6.249919533729553E-4
126.2	0.13365033	0.09484291153547522	6.249547004699707E-4
126.4	0.13385032	0.09490351827590382	0.0011250004172325134
126.6	0.13410033	0.09495888791506177	7.500126957893372E-4
126.8	0.13415033	0.09492775061203935	0.0017499551177024841
127.0	0.13480031	0.09544087347015115	0.0017499551177024841
127.2	0.13485031	0.09569732339281652	6.250292062759399E-4
127.4	0.13505033	0.09578098894205983	0.001500062644481659
127.6	0.13545033	0.09628498180394601	0.0012499839067459106
127.8	0.13555032	0.09632599745361237	8.749216794967651E-4
128.0	0.1358003	0.09637613956642932	0.0013750046491622925
128.2	0.13610032	0.09652352220359836	0.0017500296235084534
128.4	0.13650031	0.0972766689048865	0.0013749673962593079
128.6	0.13665031	0.09754115862010747	6.250292062759399E-4
128.8	0.13675033	0.0975035262154563	5.000457167625427E-4
129.0	0.13685033	0.09764516183506987	8.749961853027344E-4
129.2	0.13710032	0.09792134666889624	9.999796748161316E-4
129.4	0.13725032	0.09797927238188033	0.0011250004172325134
129.6	0.13755032	0.09822167603872155	0.0012500211596488953
129.8	0.13775033	0.09834855229796931	0.0013750046491622925
130.0	0.13810033	0.09865794570775015	0.001624971628189087
130.2	0.13840032	0.09882024205067631	0.0011249631643295288
130.4	0.13855031	0.0988756685375584	6.250292062759399E-4
130.6	0.13865033	0.09906400879247991	4.999712109565735E-4
130.8	0.1387503	0.09910064412822146	7.499754428863525E-4
131.0	0.13895032	0.09929953502004238	0.0010000541806221008
131.2	0.13915032	0.09947249740056348	0.0011250004172325134
131.4	0.13940032	0.09953713042920972	0.0010000169277191162
131.6	0.13955033	0.0997411536089047	3.750249743461609E-4
131.8	0.13955033	0.0997411536089047	7.499009370803833E-4
132.0	0.13985029	0.09992235897455808	7.499009370803833E-4
132.2	0.13985029	0.09992235897455808	3.7498772144317627E-4
132.4	0.14000028	0.099974998032728	7.500499486923218E-4
132.6	0.14015031	0.10000238862889968	5.000829696655273E-4
132.8	0.14020032	0.0999697965924498	6.250292062759399E-4
133.0	0.14040032	0.10018902300525687	8.75033438205719E-4
133.2	0.14055033	0.10011592205393763	0.0012500584125518799
133.4	0.14090034	0.1003603016131358	0.001375041902065277
133.6	0.14110035	0.10047780961161344	0.001125037670135498
133.8	0.14135036	0.10051207705290618	8.75033438205719E-4
134.0	0.14145036	0.1006697464050839	6.249919533729553E-4
134.2	0.14160036	0.10076924173973842	6.249919533729553E-4
134.4	0.14170036	0.10087670753291027	7.500499486923218E-4
134.6	0.14190038	0.10123927267086016	0.001125037670135498
134.8	0.14215037	0.10139466268934849	8.75033438205719E-4
135.0	0.14225039	0.10140235510431132	2.5004148483276367E-4
135.2	0.14225039	0.10140235510431132	4.999712109565735E-4
135.4	0.14245038	0.10161445566509672	0.0010000169277191162
135.6	0.1426504	0.10167830547761485	0.001125037670135498
135.8	0.14290039	0.10192933879419913	9.999796748161316E-4
136.0	0.14305039	0.10202547647199398	0.001249946653842926
136.2	0.14340037	0.10206096333055491	0.0014998763799667358
136.4	0.14365034	0.10218697386077329	8.749961853027344E-4
136.6	0.14375037	0.10236424048531396	6.250664591789246E-4
136.8	0.14390036	0.10262938250319212	8.749961853027344E-4
137.0	0.14410037	0.10288435373753552	8.749961853027344E-4
137.2	0.14425036	0.10302639296314775	0.0014999881386756897
137.4	0.14470036	0.10330493874052005	0.0016250461339950562
137.6	0.14490038	0.10346009018446359	6.249919533729553E-4
137.8	0.14495036	0.10347462331802078	6.249919533729553E-4
138.0	0.14515038	0.10348419140346891	0.0011249631643295288
138.2	0.14540035	0.10367661386561274	0.0014998763799667358
138.4	0.14575033	0.10413662995252043	0.0013749673962593079
138.6	0.14595033	0.10440832285988888	8.750706911087036E-4
138.8	0.14610036	0.10454563776603408	0.0012500956654548645
139.0	0.14645037	0.10457006104864543	0.0011250004172325134
139.2	0.14655036	0.10478834747630784	7.499381899833679E-4
139.4	0.14675035	0.10498541744129294	7.500126957893372E-4
139.6	0.14685036	0.10498846543336637	8.749961853027344E-4
139.8	0.14710034	0.10507897211359016	0.0011249631643295288
140.0	0.14730035	0.10532193553721259	0.0010000541806221008
140.2	0.14750037	0.10551658706862879	6.250664591789246E-4
140.4	0.14755037	0.10548221568340428	6.250292062759399E-4
140.6	0.14775038	0.10560510282603064	0.0012499839067459106
140.8	0.14805037	0.10582389965469947	0.001499950885772705
141.0	0.14835036	0.1058053766894731	0.0012499839067459106
141.2	0.14855036	0.10590277449736825	0.0011249631643295288
141.4	0.14880034	0.10603565511268992	8.749216794967651E-4
141.6	0.14890033	0.10615455831115203	0.0012499839067459106
141.8	0.14930034	0.10629915453913474	0.0021250173449516296
142.0	0.14975034	0.10657127954308189	0.0013750046491622925
142.2	0.14985034	0.10664181946657945	0.0011249631643295288
142.4	0.15020032	0.10702784926167663	0.0016249343752861023
142.6	0.15050031	0.10733010068570321	0.0013750046491622925
142.8	0.15075032	0.10780509030711821	0.001499950885772705
143.0	0.1511003	0.10811471010587906	0.0014999136328697205
143.2	0.15135029	0.10828516879693276	0.001500062644481659
143.4	0.15170032	0.10840715048143178	0.0013751164078712463
143.6	0.15190034	0.10840382838072855	0.001125037670135498
143.8	0.15215033	0.10847984964531002	9.999796748161316E-4
144.0	0.15230033	0.10853437366613419	8.749961853027344E-4
144.2	0.15250033	0.1085990343919458	8.749961853027344E-4
144.4	0.15265033	0.10872202066978388	8.75033438205719E-4
144.6	0.15285034	0.10896961992486409	0.0012500211596488953
144.8	0.15315033	0.10916766035163804	0.0011250004172325134
145.0	0.15330034	0.10931198599492938	0.0010000169277191162
145.2	0.15355034	0.10940702933137086	0.0012499839067459106
145.4	0.15380034	0.10945574596369496	0.0012499839067459106
145.6	0.15405034	0.10950386987576115	0.0012499839067459106
145.8	0.15430033	0.10955140478462316	0.001375041902065277
146.0	0.15460035	0.10983551483302836	0.001375041902065277
146.2	0.15485035	0.11004079922427543	9.99942421913147E-4
146.4	0.15500033	0.110181669455379	7.499754428863525E-4
146.6	0.15515034	0.11036746565096997	0.001500062644481659
146.8	0.15560035	0.11058318128922025	0.0016250833868980408
147.0	0.15580037	0.11059548021813277	7.500499486923218E-4
147.2	0.15590037	0.11070316425913966	0.0012499839067459106
147.4	0.15630037	0.11097436768697963	0.0012500211596488953
147.6	0.15640038	0.11092357856897349	7.500126957893372E-4
147.8	0.15660037	0.1109343976396431	7.499754428863525E-4
148.0	0.15670037	0.11101851326935573	3.750249743461609E-4
148.2	0.15675038	0.1110267435744133	5.000084638595581E-4
148.4	0.15690038	0.11116379953582597	0.0010000169277191162
148.6	0.15715039	0.11140636335898499	8.749961853027344E-4
148.8	0.15725037	0.11160169269928946	4.999712109565735E-4
149.0	0.15735038	0.11163994841856728	6.249919533729553E-4
149.2	0.15750037	0.11166355708701194	5.000084638595581E-4
149.4	0.15755038	0.11171614692884078	6.250292062759399E-4
149.6	0.15775038	0.11199302674454065	0.0012499839067459106
149.8	0.15805037	0.11215033678679488	9.99942421913147E-4
150.0	0.15815036	0.11209851656948235	7.500126957893372E-4
150.2	0.15835038	0.11228436088907849	0.0010000169277191162
150.4	0.15855037	0.11235834376837656	4.999712109565735E-4
150.6	0.15855037	0.11235834376837656	5.000084638595581E-4
150.8	0.15875037	0.11256526125241402	8.749961853027344E-4
151.0	0.15890037	0.1127421389338422	7.500126957893372E-4
151.2	0.15905038	0.11285210537205778	0.0011251121759414673
151.4	0.15935041	0.1130490072608743	0.0015000998973846436
151.6	0.15965042	0.11311223518823915	0.0012500211596488953
151.8	0.15985042	0.11329376737101955	0.0012499839067459106
152.0	0.16015041	0.11326728440943831	0.001999996602535248
152.2	0.16065042	0.1132875870883822	0.0015000253915786743
152.4	0.16075042	0.11323399523142942	7.500126957893372E-4
152.6	0.16095042	0.11323690965102967	0.001499950885772705
152.8	0.1613504	0.11348426181343722	0.0011249631643295288
153.0	0.16140041	0.113534313080776	3.750249743461609E-4
153.2	0.16150041	0.11374423298499722	7.500126957893372E-4
153.4	0.16170041	0.1141188410384639	7.500126957893372E-4
153.6	0.16180041	0.11406471924693554	4.999712109565735E-4
153.8	0.1619004	0.1142733136829665	7.500126957893372E-4
154.0	0.16210042	0.11438352103795794	6.250664591789246E-4
154.2	0.16215043	0.11436729158722843	8.749589323997498E-4
154.4	0.1624504	0.11455347107580977	0.0013750046491622925
154.6	0.16270043	0.1145151105485794	0.0010000541806221008
154.8	0.16285042	0.1145092894249958	0.0013749673962593079
155.0	0.16325042	0.11481262005080156	0.001750066876411438
155.2	0.16355045	0.11503868064481927	0.0011250749230384827
155.4	0.16370045	0.11518380900828579	8.749589323997498E-4
155.6	0.16390043	0.11529002647016642	8.749589323997498E-4
155.8	0.16405043	0.11530436998556175	5.000084638595581E-4
156.0	0.16410044	0.11528742417874477	3.7498772144317627E-4
156.2	0.16420043	0.11555673998525855	0.0011249259114265442
156.4	0.16455041	0.11589131685625696	0.0016249343752861023
156.6	0.1648504	0.11598265956502239	0.0012499839067459106
156.8	0.1650504	0.1160861663668433	9.999796748161316E-4
157.0	0.16525039	0.11618923228273974	8.749961853027344E-4
157.2	0.1654004	0.116416667785374	8.75033438205719E-4
157.4	0.1656004	0.11654029262719447	0.0010000541806221008
157.6	0.16580042	0.11681335639978051	8.749961853027344E-4
157.8	0.1659504	0.116889252332346	8.749216794967651E-4
158.0	0.16615039	0.11692594954115841	0.0011248886585235596
158.2	0.16640036	0.11724350645625314	0.0013749301433563232
158.4	0.16670036	0.11745684390297728	0.0015000253915786743
158.6	0.16700037	0.1176902738392797	9.999796748161316E-4
158.8	0.16710036	0.11769702543303341	7.499754428863525E-4
159.0	0.16730036	0.11788006849923448	0.0017499923706054688
159.2	0.16780035	0.11822926764422714	0.0016249343752861023
159.4	0.16795033	0.11817486040498162	0.0011249631643295288
159.6	0.16825034	0.11838259179792274	0.0015000253915786743
159.8	0.16855034	0.11856811418742555	0.001125037670135498
160.0	0.16870035	0.11878682824721573	8.75033438205719E-4
160.2	0.16890036	0.11886037920327239	0.0012499839067459106
160.4	0.16920035	0.11893847040356802	0.0013749673962593079
160.6	0.16945034	0.11897141531300605	8.749961853027344E-4
160.8	0.16955034	0.11910204544474207	7.499754428863525E-4
161.0	0.16975033	0.11929978060475951	9.999796748161316E-4
161.2	0.16995034	0.11947592910281987	0.0011249631643295288
161.4	0.17020032	0.11961170567175218	0.0014999136328697205
161.6	0.1705503	0.11989661409244559	0.001999959349632263
161.8	0.1710003	0.12007914107872909	0.001999996602535248
162.0	0.1713503	0.12044366986220123	0.001249946653842926
162.2	0.17150028	0.12036507203609592	0.0011249259114265442
162.4	0.17180027	0.12076738192912381	0.001500062644481659
162.6	0.1721003	0.12110569797004515	8.750706911087036E-4
162.8	0.1721503	0.12108623835623439	2.5000423192977905E-4
163.0	0.1722003	0.12114932774904477	8.749589323997498E-4
163.2	0.17250028	0.12136206195435212	0.0017499923706054688
163.4	0.1729003	0.12167822170192269	0.0015000253915786743
163.6	0.1731003	0.1218867920952831	0.0011249259114265442
163.8	0.17335027	0.12211583665846869	0.0013749673962593079
164.0	0.17365028	0.1221195235985879	0.0016250461339950562
164.2	0.1740003	0.12236829680614293	0.001125037670135498
164.4	0.1741003	0.12243034978956004	0.0012500211596488953
164.6	0.1745003	0.12257548923524586	0.0013750046491622925
164.8	0.1746503	0.12263717665722247	7.499754428863525E-4
165.0	0.17480029	0.12261712999371006	8.749961853027344E-4
165.2	0.1750003	0.12300406333294123	0.001249946653842926
165.4	0.17530027	0.12316618883079086	0.0011249259114265442
165.6	0.17545027	0.12334827765693743	0.0011250004172325134
165.8	0.17575027	0.12350885840861026	0.0016250833868980408
166.0	0.1761003	0.12362762473801622	0.0018750503659248352
166.2	0.17650029	0.12368407389636796	0.0017499923706054688
166.4	0.1768003	0.12412396873526439	0.001249946653842926
166.6	0.17700027	0.12416118402101248	0.0013750046491622925
166.8	0.1773503	0.12443664306057112	0.0013750046491622925
167.0	0.17755027	0.1243724170947494	0.001249946653842926
167.2	0.17785028	0.12450653666158126	0.0010000541806221008
167.4	0.1779503	0.12454436025336042	8.749961853027344E-4
167.6	0.17820027	0.12445786503241495	0.001499950885772705
167.8	0.17855027	0.12470925254054314	0.001499950885772705
168.0	0.17880026	0.12482211409801507	0.0014999881386756897
168.2	0.17915027	0.1250710882666836	0.0013750046491622925
168.4	0.17935026	0.12516420272520315	0.0011250004172325134
168.6	0.17960027	0.12533491209898806	0.0011250004172325134
168.8	0.17980026	0.12534735593626764	0.001249946653842926
169.0	0.18010025	0.12563434890971054	0.0012500211596488953
169.2	0.18030027	0.126063119861447	0.0010000169277191162
169.4	0.18050025	0.1262131119380682	0.0015000253915786743
169.6	0.18090028	0.12659064016135374	0.0016250461339950562
169.8	0.18115027	0.1266971910178632	0.0013750046491622925
170.0	0.18145028	0.1268794613604743	0.0014999881386756897
170.2	0.18175027	0.12713944179261671	0.0013749673962593079
170.4	0.18200026	0.12736168831949035	0.0012499839067459106
170.6	0.18225026	0.12736733372541167	0.001999884843826294
170.8	0.18280022	0.12764857872124177	0.00237487256526947
171.0	0.18320021	0.12783880542450837	0.0015000253915786743
171.2	0.18340023	0.12796265381435018	8.750706911087036E-4
171.4	0.18355024	0.1281869639520666	7.500126957893372E-4
171.6	0.18370023	0.12825486444163345	5.000084638595581E-4
171.8	0.18375024	0.1282514626810222	6.250292062759399E-4
172.0	0.18395025	0.12841299669037293	7.500126957893372E-4
172.2	0.18405025	0.1284254537153486	4.999712109565735E-4
172.4	0.18415023	0.12843783817907364	6.249919533729553E-4
172.6	0.18430024	0.12854380664397574	0.0010000169277191162
172.8	0.18455024	0.12868099427521765	0.0012499839067459106
173.0	0.18480024	0.12872047305785778	0.0011250004172325134
173.2	0.18500024	0.1287827636972889	0.0010000169277191162
173.4	0.18520024	0.1288641155214473	0.001125037670135498
173.6	0.18545026	0.12913480455494647	8.75033438205719E-4
173.8	0.18555026	0.12922343897179223	7.500126957893372E-4
174.0	0.18575026	0.1294775589720033	8.749961853027344E-4
174.2	0.18590026	0.12952293092726022	0.0011250004172325134
174.4	0.18620026	0.12972879479281987	0.0013749673962593079
174.6	0.18645024	0.13009188179872402	0.0011249259114265442
174.8	0.18665023	0.13022779379434876	8.749961853027344E-4
175.0	0.18680024	0.1303102459419405	0.001125037670135498
175.2	0.18710025	0.13058939775599357	0.001750066876411438
175.4	0.18750027	0.13076218956426083	0.0018750503659248352
175.6	0.18785027	0.13109110469875532	0.0017499178647994995
175.8	0.18820024	0.1315703622676002	0.0013748928904533386
176.0	0.18840022	0.13162614035671225	0.0011250004172325134
176.2	0.18865024	0.1318092451652564	0.0010000169277191162
176.4	0.18880023	0.13190739489596273	0.0010000541806221008
176.6	0.18905026	0.131862040425574	0.0011251121759414673
176.8	0.18925028	0.131916401834763	0.0011250004172325134
177.0	0.18950026	0.1320028392996762	8.749589323997498E-4
177.2	0.18960026	0.1320675591449089	0.001249946653842926
177.4	0.19000024	0.13249528367344676	0.0019999220967292786
177.6	0.19040023	0.13273220996108678	0.001249946653842926
177.8	0.19050021	0.13288999513561592	0.0011249631643295288
178.0	0.19085021	0.13284870456192682	0.0013750046491622925
178.2	0.19105022	0.1330315639389622	0.0010000169277191162
178.4	0.19125022	0.13306366262609542	0.0010000169277191162
178.6	0.19145022	0.13303908075993237	0.0013750046491622925
178.8	0.19180022	0.13327700284409572	0.0011250004172325134
179.0	0.19190022	0.13335812752574028	0.0011249631643295288
179.2	0.1922502	0.13383735782229447	0.0013749301433563232
179.4	0.1924502	0.1339608064592164	0.0014999881386756897
179.6	0.1928502	0.13394542812948113	0.0018750876188278198
179.8	0.19320023	0.13406625296506366	0.0014999881386756897
180.0	0.1934502	0.13419983977302874	8.748844265937805E-4
180.2	0.19355018	0.13424193959736483	0.0011250004172325134
180.4	0.1939002	0.1344722655577968	0.0017500296235084534
180.6	0.1942502	0.13477550837681368	0.0015000253915786743
180.8	0.19450021	0.13507312877144634	0.001375041902065277
181.0	0.19480021	0.13517751596059094	0.0012500211596488953
181.2	0.19500022	0.13533292057931193	0.001499950885772705
181.4	0.1954002	0.13599206157288213	0.0011249631643295288
181.6	0.1954502	0.1359845517371734	7.500126957893372E-4
181.8	0.1957002	0.13602025608776377	0.0017500296235084534
182.0	0.19615021	0.13644661079134207	0.001999959349632263
182.2	0.19650018	0.13653845657295527	0.0016249343752861023
182.4	0.19680019	0.13671050014564579	0.0016250088810920715
182.6	0.19715019	0.13692836947680012	0.001375041902065277
182.8	0.1973502	0.13711483378410888	0.001375041902065277
183.0	0.1977002	0.13729424655059091	0.0014999881386756897
183.2	0.1979502	0.1373983201284613	0.0012499839067459106
183.4	0.1982002	0.1376653919863844	0.0012499839067459106
183.6	0.1984502	0.13802208826069048	0.0011249631643295288
183.8	0.19865018	0.1380604127993649	8.749961853027344E-4
184.0	0.19880019	0.13825179691299175	8.749589323997498E-4
184.2	0.19900016	0.13848826424627186	0.0013749673962593079
184.4	0.19935018	0.1387698727247817	0.0013750046491622925
184.6	0.19955017	0.13904063560565438	0.001624971628189087
184.8	0.20000017	0.13928388311963769	0.0014999881386756897
185.0	0.20015016	0.1394004219654002	8.749589323997498E-4
185.2	0.20035015	0.1394897020865567	0.001999996602535248
185.4	0.20095016	0.13993426373334925	0.002000071108341217
185.6	0.20115018	0.13996848776461274	0.0011250749230384827
185.8	0.20140019	0.1402071330175816	0.001500062644481659
186.0	0.2017502	0.1404793115868571	0.0015000253915786743
186.2	0.2020002	0.14080482984745601	0.0012499839067459106
186.4	0.2022502	0.14079218093376641	0.001125037670135498
186.6	0.20245022	0.14100176453818858	0.0015000253915786743
186.8	0.20285021	0.1412422635259037	0.0011249631643295288
187.0	0.2029002	0.14135625271273733	0.0011249631643295288
187.2	0.2033002	0.14171842061249504	0.0014999881386756897
187.4	0.2035002	0.14173125799256334	0.0011249631643295288
187.6	0.20375018	0.14190996081425952	0.0014999881386756897
187.8	0.20410019	0.14240151006971546	0.0021249428391456604
188.0	0.20460016	0.14294698343065118	0.0016249343752861023
188.2	0.20475017	0.14305571266489336	0.0011250004172325134
188.4	0.20505016	0.14339454984791425	0.0011249631643295288
188.6	0.20520015	0.14369398283998056	0.0013750046491622925
188.8	0.20560016	0.14381808198181334	0.001999996602535248
189.0	0.20600015	0.14409718963073975	0.0012500211596488953
189.2	0.20610017	0.14428371382043498	0.0011250749230384827
189.4	0.20645018	0.1446751473713768	0.0016250461339950562
189.6	0.20675018	0.14471329470059233	9.999796748161316E-4
189.8	0.20685017	0.14476041445837792	6.249547004699707E-4
190.0	0.20700017	0.14484819696747922	0.0011249631643295288
190.2	0.20730016	0.14517820098290068	0.001999996602535248
190.4	0.20780016	0.14546188770947244	0.0018750503659248352
190.6	0.20805018	0.1456972782947495	0.0011250004172325134
190.8	0.20825016	0.1458061644827547	9.999796748161316E-4
191.0	0.20845017	0.14588042203960597	8.75033438205719E-4
191.2	0.20860018	0.1460001397538676	6.250292062759399E-4
191.4	0.20870018	0.14607980730252215	9.999796748161316E-4
191.6	0.20900017	0.1462326916715807	0.0013749673962593079
191.8	0.20925017	0.1464477323865773	0.0011250004172325134
192.0	0.20945017	0.14652029513363812	0.0011249631643295288
192.2	0.20970015	0.146700066050177	0.0012498721480369568
192.4	0.20995012	0.1468962138854474	8.749589323997498E-4
192.6	0.21005014	0.14688940620531568	0.0011250004172325134
192.8	0.21040012	0.1473663488770159	0.0016248971223831177
193.0	0.2107001	0.1476668886669639	0.0016249343752861023
193.2	0.2110501	0.14792024042947916	0.0020001083612442017
193.4	0.21150014	0.14843432880092308	0.0018750876188278198
193.6	0.21180013	0.1485791376726079	0.0017499551177024841
193.8	0.21220012	0.14873184200858136	0.0017499551177024841
194.0	0.21250011	0.14885815670622018	0.001249946653842926
194.2	0.2127001	0.14900909352015168	0.0010000169277191162
194.4	0.21290012	0.1493606067410353	0.0012500211596488953
194.6	0.2132001	0.14956858242255222	0.0013750046491622925
194.8	0.21345012	0.1497217312677119	0.0012500211596488953
195.0	0.21370012	0.14989099404333356	0.0011250004172325134
195.2	0.21390012	0.15007261640534159	0.001375041902065277
195.4	0.21425013	0.15021463585009134	0.0016250461339950562
195.6	0.21455014	0.15071760887533492	0.0013749301433563232
195.8	0.2148001	0.15070155719121994	0.0015000253915786743
196.0	0.21515015	0.15070825342936253	0.0020001083612442017
196.2	0.21560015	0.1509690065238241	0.001624971628189087
196.4	0.21580014	0.15103099054493319	0.0011249631643295288
196.6	0.21605013	0.15121143087555922	0.0013749301433563232
196.8	0.21635011	0.1513280464126889	0.001624971628189087
197.0	0.21670012	0.15164468107633744	0.0016250461339950562
197.2	0.21700013	0.15166080601849896	0.0012500211596488953
197.4	0.21720013	0.15180303031965828	0.0010000169277191162
197.6	0.21740013	0.15196131084787157	0.0012500211596488953
197.8	0.21770014	0.1521404311939215	0.001125037670135498
198.0	0.21785015	0.1521968380302142	0.001375041902065277
198.2	0.21825016	0.15236284813700646	0.0012500211596488953
198.4	0.21835016	0.15244925938051113	0.0011249631643295288
198.6	0.21870014	0.15280808202426635	0.0012499839067459106
198.8	0.21885015	0.15291232219182668	0.0014999881386756897
199.0	0.21930014	0.15335419510110115	0.0018749386072158813
199.2	0.21960013	0.15349540423562044	9.999796748161316E-4
199.4	0.21970013	0.15358030458640706	0.0010000169277191162
199.6	0.22000013	0.15367172513590804	0.0012500584125518799
199.8	0.22020015	0.15379193703179075	0.002124980092048645
200.0	0.22085012	0.15415180260161343	0.0023749470710754395
200.2	0.22115013	0.15414336658608757	0.0014999881386756897
200.4	0.22145012	0.15432886100966803	0.0011250004172325134
200.6	0.22160013	0.1545588586505642	0.0010000169277191162
200.8	0.22185013	0.1546934955584164	0.0013750046491622925
201.0	0.22215013	0.1548931135789307	0.0010000169277191162
201.2	0.22225013	0.1548787828241325	8.749589323997498E-4
201.4	0.22250012	0.15512494921452288	9.999796748161316E-4
201.6	0.22265013	0.15525616996064573	0.001375041902065277
201.8	0.22305013	0.15579216385306477	0.0017499551177024841
202.0	0.22335011	0.1557635306151545	0.0011249631643295288
202.2	0.22350012	0.1558613137107122	7.500499486923218E-4
202.4	0.22365013	0.15584664696235842	0.001750066876411438
202.6	0.22420014	0.15629894714974948	0.002000071108341217
202.8	0.22445016	0.15633200763632052	0.001125037670135498
203.0	0.22465016	0.15626860975154921	8.75033438205719E-4
203.2	0.22480017	0.1564287695913569	8.75033438205719E-4
203.4	0.22500017	0.1565886335239322	8.749961853027344E-4
203.6	0.22515017	0.15673218483483253	9.99942421913147E-4
203.8	0.22540015	0.1569230393477408	0.001624971628189087
204.0	0.22580016	0.15731929388983373	0.0016250461339950562
204.2	0.22605017	0.15736549058938004	0.001125037670135498
204.4	0.22625017	0.1576814439015906	7.499754428863525E-4
204.6	0.22635016	0.1576806197595717	9.999796748161316E-4
204.8	0.22665016	0.15807364185762632	0.001375041902065277
205.0	0.22690018	0.15824471770442566	0.001375041902065277
205.2	0.22720018	0.15817762247767306	0.001125037670135498
205.4	0.22735019	0.158365015731303	7.500499486923218E-4
205.6	0.2275002	0.15853627444124396	8.75033438205719E-4
205.8	0.2277002	0.15856453052937433	7.500499486923218E-4
206.0	0.22780022	0.15854702880488578	7.500499486923218E-4
206.2	0.22800022	0.1586221936511282	0.0010000541806221008
206.4	0.22820024	0.15866555640524235	0.0011249631643295288
206.6	0.22845021	0.1588178131239961	0.0011249259114265442
206.8	0.22865021	0.15892349667395225	0.0013750046491622925
207.0	0.22900021	0.1589622605638948	0.0011250004172325134
207.2	0.22910021	0.15900688270082983	8.750706911087036E-4
207.4	0.22935024	0.1591731062725419	8.75033438205719E-4
207.6	0.22945023	0.15924885494035687	9.999796748161316E-4
207.8	0.22975023	0.15949118545333088	0.0015000253915786743
208.0	0.23005024	0.15960732368094835	0.0010000169277191162
208.2	0.23015024	0.15961979270437315	0.0011250004172325134
208.4	0.23050024	0.15952978004860982	0.001249946653842926
208.6	0.23065022	0.1595558766402441	6.249919533729553E-4
208.8	0.23075023	0.159599303785928	3.750249743461609E-4
209.0	0.23080023	0.15959749599772816	7.500499486923218E-4
209.2	0.23105025	0.15991684659010727	0.0012500211596488953
209.4	0.23130023	0.15996971691145687	0.001249946653842926
209.6	0.23155023	0.16013150290818182	0.0010000169277191162
209.8	0.23170024	0.16012529558596547	0.0010000169277191162
210.0	0.23195024	0.1602395026151588	0.0012499839067459106
210.2	0.23220024	0.1605246406647591	0.0010000169277191162
210.4	0.23235025	0.1606579540405387	0.0011250749230384827
210.6	0.23265027	0.1607683929100127	8.750706911087036E-4
210.8	0.23270027	0.1607193474828367	6.249547004699707E-4
211.0	0.23290025	0.16081849600861997	0.0012499094009399414
211.2	0.23320024	0.16085011239731506	0.0013749673962593079
211.4	0.23345023	0.1608838020480167	0.0010000169277191162
211.6	0.23360024	0.16104669714739597	0.001125037670135498
211.8	0.23390025	0.16112352492551962	0.0010000169277191162
212.0	0.23400025	0.16122654455298174	8.75033438205719E-4
212.2	0.23425026	0.1613054191444854	0.0013750791549682617
212.4	0.23455028	0.16153574269593843	0.0016250461339950562
212.6	0.23490028	0.1619011694884446	0.0013749673962593079
212.8	0.23510027	0.1621048744877011	8.749589323997498E-4
213.0	0.23525026	0.162095459017247	9.999796748161316E-4
213.2	0.23550026	0.16229525159509503	0.0014999881386756897
213.4	0.23585026	0.16247238590076968	0.001375041902065277
213.6	0.23605028	0.16273566875321735	0.001375041902065277
213.8	0.23640028	0.16301852777629125	0.001375041902065277
214.0	0.2366003	0.16314239447917542	0.001125037670135498
214.2	0.23685029	0.16344594807533885	0.0011250004172325134
214.4	0.2370503	0.16361478487990644	7.500126957893372E-4
214.6	0.2371503	0.16377538328200952	7.500499486923218E-4
214.8	0.23735031	0.16395876850132138	0.0012500956654548645
215.0	0.23765033	0.16422538736457118	0.002125091850757599
215.2	0.23820035	0.1646382660318021	0.002250000834465027
215.4	0.23855034	0.16477681233357516	0.0011249631643295288
215.6	0.23865034	0.1648747352502063	8.75033438205719E-4
215.8	0.23890035	0.164944804713296	0.001500062644481659
216.0	0.23925036	0.16542955547756466	0.001750066876411438
216.2	0.23960038	0.16577647867188863	0.0020000338554382324
216.4	0.24005038	0.1657814761911324	0.0016250088810920715
216.6	0.24025038	0.16580843730424996	0.001500062644481659
216.8	0.2406504	0.16590682972004328	0.001624971628189087
217.0	0.24090037	0.16591320118900688	0.0017499178647994995
217.2	0.24135037	0.16623079865233853	0.001999996602535248
217.4	0.24170037	0.1665115939167815	8.749961853027344E-4
217.6	0.24170037	0.1665115939167815	6.249919533729553E-4
217.8	0.24195036	0.16665142615738615	0.0012500211596488953
218.0	0.24220037	0.16673080210415658	8.75033438205719E-4
218.2	0.24230038	0.16687033465581766	7.500126957893372E-4
218.4	0.24250038	0.16716384455028677	0.001499950885772705
218.6	0.24290036	0.16728594858433055	0.002749897539615631
218.8	0.24360034	0.16773204909889472	0.0024999678134918213
219.0	0.24390034	0.16786240973559508	0.0014999881386756897
219.2	0.24420033	0.16821521504555703	0.0014999881386756897
219.4	0.24450034	0.16841837897224385	0.001999959349632263
219.6	0.24500032	0.1687453731996026	0.001249946653842926
219.8	0.24500032	0.1687453731996026	1.2502074241638184E-4
220.0	0.24505033	0.16879869214268617	0.001125037670135498
220.2	0.24545033	0.16909109523724297	0.0017499923706054688
220.4	0.24575032	0.16918758380511364	8.749589323997498E-4
220.6	0.24580032	0.16913710523549097	7.500126957893372E-4
220.8	0.24605033	0.16946060855699738	7.500126957893372E-4
221.0	0.24610032	0.1694396383054546	5.000084638595581E-4
221.2	0.24625033	0.1694946544223202	0.0011250749230384827
221.4	0.24655035	0.1695894982161359	0.0014999881386756897
221.6	0.24685033	0.1696395546464033	0.001624971628189087
221.8	0.24720034	0.16984451809418535	0.0012499839067459106
222.0	0.24735032	0.16986899670023967	8.749589323997498E-4
222.2	0.24755032	0.17003381583681357	0.0012500211596488953
222.4	0.24785033	0.17002316882919163	0.0010000169277191162
222.6	0.24795033	0.17015668823906824	7.500126957893372E-4
222.8	0.24815033	0.17029115069985468	0.001375041902065277
223.0	0.24850035	0.17053665402584559	0.0016250461339950562
223.2	0.24880035	0.17067091448817837	0.0017500296235084534
223.4	0.24920036	0.17090746346301958	0.0013749673962593079
223.6	0.24935034	0.1708568933647508	6.249174475669861E-4
223.8	0.24945033	0.17082797746839334	0.0012499839067459106
224.0	0.24985033	0.17122347357634177	0.0013750046491622925
224.2	0.25000033	0.1713621906757719	0.0011249631643295288
224.4	0.25030032	0.17139110341710473	0.001624971628189087
224.6	0.25065032	0.17184899705131912	0.0015000253915786743
224.8	0.25090033	0.17191332221768357	0.0011249631643295288
225.0	0.2511003	0.1719848550138573	7.499009370803833E-4
225.2	0.2512003	0.1721440108177284	9.99942421913147E-4
225.4	0.25150028	0.1723448583825865	0.0013750046491622925
225.6	0.2517503	0.17252373114194183	0.0011249631643295288
225.8	0.25195026	0.17259402599709872	0.0011249631643295288
226.0	0.25220028	0.17277198901865493	8.750706911087036E-4
226.2	0.2523003	0.1728574852229566	0.0013750791549682617
226.4	0.2527503	0.1729593528164164	0.001750066876411438
226.6	0.25300032	0.1729045988982023	0.0015000253915786743
226.8	0.25335032	0.17296322669085548	0.0016250461339950562
227.0	0.25365034	0.17297160952150697	0.0011251121759414673
227.2	0.25380036	0.17317782858779326	0.001125037670135498
227.4	0.25410035	0.17350270938594653	0.0012499839067459106
227.6	0.25430036	0.17356990019624144	9.99942421913147E-4
227.8	0.25450033	0.17355042568554238	0.0012499839067459106
228.0	0.25480035	0.17362879994096206	0.0012499839067459106
228.2	0.25500032	0.17369513619704263	0.0012499839067459106
228.4	0.25530034	0.1736862408603688	0.0018750131130218506
228.6	0.25575033	0.17380862359897267	0.001999884843826294
228.8	0.2561003	0.1740769663791747	0.001499950885772705
229.0	0.2563503	0.17424746095248098	0.0015000253915786743
229.2	0.2567003	0.17434193461931027	0.001750066876411438
229.4	0.25705034	0.17429227681073856	0.0015000998973846436
229.6	0.25730035	0.1744898574089411	0.0013750046491622925
229.8	0.25760034	0.1747633834272307	0.0012499839067459106
230.0	0.25780034	0.17482608580487688	0.0013750046491622925
230.2	0.25815034	0.1750316479585571	0.001499950885772705
230.4	0.25840032	0.17506981544202457	0.0017499923706054688
230.6	0.25885034	0.1753401773610626	0.0018750131130218506
230.8	0.25915033	0.17556701801452052	0.0011249631643295288
231.0	0.25930032	0.17566590556182632	0.0013750046491622925
231.2	0.25970033	0.17580076876638873	0.0013750791549682617
231.4	0.25985035	0.17585641273288283	0.001125037670135498
231.6	0.26015034	0.17606668568782083	0.0014998763799667358
231.8	0.2604503	0.1761910834193421	0.0011248141527175903
232.0	0.26060027	0.17607566661683477	7.499754428863525E-4
232.2	0.2607503	0.1760594725472424	0.0012500584125518799
232.4	0.2611003	0.17622936869381142	0.0018747895956039429
232.6	0.2615002	0.17648725281019811	0.0017498433589935303
232.8	0.26180023	0.17659490469406922	0.0012499839067459106
233.0	0.2620002	0.17679366597988835	0.0013750046491622925
233.2	0.26235023	0.17687559974370337	0.0016251206398010254
233.4	0.26265025	0.17684026080891913	0.0013749301433563232
233.6	0.2629002	0.17706945082593845	0.0011248141527175903
233.8	0.26310018	0.1771535783218149	0.0017499178647994995
234.0	0.26360017	0.1774543330796838	0.002124980092048645
234.2	0.26395017	0.17780016267676071	0.0021250545978546143
234.4	0.2644502	0.1780553223808006	0.0018750876188278198
234.6	0.2647002	0.17844862104386086	0.0018749386072158813
234.8	0.26520017	0.1786727744220713	0.002249777317047119
235.0	0.26560012	0.1789878217778997	0.0011248886585235596
235.2	0.26565012	0.17908818470818583	5.000084638595581E-4
235.4	0.26580012	0.1789702778516498	0.0011251121759414673
235.6	0.26610017	0.1789295681432545	0.0011251121759414673
235.8	0.26625016	0.17899284289850845	0.001125037670135498
236.0	0.26655018	0.17906311135612085	0.0012500584125518799
236.2	0.2667502	0.17921199153779138	0.0013749301433563232
236.4	0.26710016	0.17938113161784644	0.0013749301433563232
236.6	0.26730016	0.17943163125892234	0.0016251206398010254
236.8	0.2677502	0.17971487924216736	0.0017501413822174072
237.0	0.26800022	0.1799749992924294	0.0016250461339950562
237.2	0.26840022	0.18022608102823687	0.0017499178647994995
237.4	0.26870018	0.1804586111684792	0.0012499839067459106
237.6	0.26890022	0.18038234488819405	0.0015000998973846436
237.8	0.26930022	0.1806170266635803	0.0017499923706054688
238.0	0.2696002	0.18088902764942752	0.0012500584125518799
238.2	0.26980025	0.18093634331663602	0.0018750876188278198
238.4	0.27035025	0.18092367946696625	0.0017499923706054688
238.6	0.27050024	0.18098273489998257	6.249547004699707E-4
238.8	0.27060023	0.1809161139523728	7.499754428863525E-4
239.0	0.27080023	0.18101756916165193	0.0013750791549682617
239.2	0.27115026	0.1813564937500093	0.0015000998973846436
239.4	0.27140027	0.18126511071440174	8.750706911087036E-4
239.6	0.2715003	0.18122568902778907	0.001125037670135498
239.8	0.2718503	0.1815215631395626	0.001499950885772705
240.0	0.27210027	0.18156704103681698	0.0012499839067459106
240.2	0.27235028	0.18162592844377978	0.0018748641014099121
240.4	0.27285022	0.18163253537312457	0.002499893307685852
240.6	0.27335024	0.18188534272629664	0.0026251375675201416
240.8	0.27390027	0.18212300891268604	0.0018750131130218506
241.0	0.27410024	0.18216528314664981	0.0011249631643295288
241.2	0.27435026	0.182317244996669	0.0012499094009399414
241.4	0.2746002	0.18252353367057375	0.0021248310804367065
241.6	0.2752002	0.18287963351232547	0.0018750131130218506
241.8	0.2753502	0.18286573724246866	0.0012499839067459106
242.0	0.27570018	0.18301505502589702	0.0011249631643295288
242.2	0.2758002	0.1831102410147624	0.0016250461339950562
242.4	0.2763502	0.1835433949838802	0.002250000834465027
242.6	0.2767002	0.1835268653529923	0.0021250545978546143
242.8	0.27720022	0.18361688440027246	0.0018750876188278198
243.0	0.27745023	0.1837498239341445	0.0013750046491622925
243.2	0.27775022	0.18400390678970358	0.0015000253915786743
243.4	0.27805024	0.18410784280143574	0.0013750046491622925
243.6	0.27830023	0.18422570476191322	0.0012499839067459106
243.8	0.27855024	0.18423462689734937	0.0015000253915786743
244.0	0.27890024	0.18425468854458252	0.0017499178647994995
244.2	0.2792502	0.18466709995211747	0.0017499923706054688
244.4	0.27960023	0.18483462956230898	0.001750066876411438
244.6	0.27995023	0.18482558745722735	0.0021250545978546143
244.8	0.28045025	0.18483857232352582	0.0018750876188278198
245.0	0.28070027	0.1850743372728	0.0010000914335250854
245.2	0.2808503	0.18512368245821914	9.998679161071777E-4
245.4	0.2811002	0.18525061486420089	0.0016248226165771484
245.6	0.28150022	0.18538541024326205	0.0012499094009399414
245.8	0.28160018	0.18551668480107628	8.749961853027344E-4
246.0	0.28185022	0.18554804725842156	0.0013752281665802002
246.2	0.28215027	0.18561755804915536	0.0015000998973846436
246.4	0.28245026	0.1858211448388449	0.0015000998973846436
246.6	0.2827503	0.18597026063723207	0.001624971628189087
246.8	0.28310025	0.1861568970499181	0.0012498348951339722
247.0	0.28325024	0.18612344769034478	8.749216794967651E-4
247.2	0.28345022	0.1860741730040366	0.0012499839067459106
247.4	0.28375024	0.18610061210773807	0.0013750046491622925
247.6	0.28400022	0.1860618185684663	0.0013750046491622925
247.8	0.28430024	0.18602018783578747	0.0012499839067459106
248.0	0.2845002	0.18611757136666549	0.001499950885772705
248.2	0.28490022	0.18621758857787535	0.0017498433589935303
248.4	0.28520015	0.18618797031415613	0.0012498348951339722
248.6	0.28540015	0.1861366173648989	0.0011248886585235596
248.8	0.2856501	0.18639092758698209	0.0016248226165771484
249.0	0.28605008	0.18644811031693917	0.001499950885772705
249.2	0.28625008	0.18636909045895034	0.0012499839067459106
249.4	0.28655007	0.18656526421545924	0.0018749386072158813
249.6	0.28700006	0.18675117233535227	0.002124980092048645
249.8	0.28740007	0.1870327252446824	0.0013750791549682617
250.0	0.2875501	0.18707618182496286	0.001125037670135498
250.2	0.28785008	0.18720277192532328	9.99942421913147E-4
250.4	0.28795007	0.18720923530033598	9.998679161071777E-4
250.6	0.28825003	0.1871481706561442	0.0011248886585235596
250.8	0.28840002	0.1873377705974639	7.499754428863525E-4
251.0	0.28855002	0.18744705320638738	0.0012500584125518799
251.2	0.28890005	0.18752810512960752	0.0012500584125518799
251.4	0.28905004	0.18758357536702372	6.250292062759399E-4
251.6	0.28915006	0.187616038098209	8.749961853027344E-4
251.8	0.28940004	0.1875836886367355	0.0012500584125518799
252.0	0.28965008	0.18785733354881917	0.002000182867050171
252.2	0.2902001	0.18793339316568072	0.0023749470710754395
252.4	0.29060006	0.18820637687855807	0.0014998018741607666
252.6	0.29080003	0.18836231131191	0.0010000169277191162
252.8	0.29100007	0.188398514570722	0.001624971628189087
253.0	0.29145002	0.1885985095708328	0.0016248971223831177
253.2	0.29165003	0.18887238498935513	0.0010000169277191162
253.4	0.29185003	0.18889435629930482	0.001499950885772705
253.6	0.29225	0.18903025636551338	0.001499950885772705
253.8	0.29245	0.18905157459802643	0.0012499094009399414
254.0	0.29274997	0.18889133867914032	0.0012498348951339722
254.2	0.29294994	0.1888724381259392	0.0012499839067459106
254.4	0.29324996	0.18889663274253	0.001750066876411438
254.6	0.29364997	0.1888046023372268	0.002250075340270996
254.8	0.29415	0.188900179559834	0.0017499923706054688
255.0	0.29434997	0.18893273362495452	0.0017499178647994995
255.2	0.29484996	0.18909251114222564	0.0018750131130218506
255.4	0.29509997	0.18922470849243017	0.001375153660774231
255.6	0.29540002	0.18928507682862217	0.0012500584125518799
255.8	0.2956	0.18954060329358904	0.001125037670135498
256.0	0.29585004	0.1896319535671398	0.0012501329183578491
256.2	0.29610005	0.18986782327647625	0.0011249631643295288
256.4	0.29630002	0.1899639709502176	0.0013749301433563232
256.6	0.29665002	0.19022691120039775	0.0015000253915786743
256.8	0.29690003	0.1903165527428338	0.002124980092048645
257.0	0.2975	0.1905879068581725	0.0022499263286590576
257.2	0.2978	0.19089305962355346	0.001374855637550354
257.4	0.29804996	0.19086303398485285	0.001624971628189087
257.6	0.29845	0.19106307260952923	0.0020001083612442017
257.8	0.29885	0.19117054613267434	0.0017499923706054688
258.0	0.29915	0.19145959817949484	0.001624971628189087
258.2	0.2995	0.19158483819631011	0.0013750046491622925
258.4	0.2997	0.19179392626348846	0.0013750791549682617
258.6	0.30005002	0.19202212596211174	0.002000182867050171
258.8	0.30050007	0.1922231766145864	0.001624971628189087
259.0	0.3007	0.1921965383865335	0.0015000253915786743
259.2	0.30110008	0.19232469768532273	0.0017501413822174072
259.4	0.30140007	0.19243970318233725	0.0012500584125518799
259.6	0.3016001	0.1925030892186045	0.0017499923706054688
259.8	0.30210006	0.19280972328282817	0.001999959349632263
260.0	0.30240008	0.1929876656804451	0.001375153660774231
260.2	0.30265012	0.19304268238510572	0.0018750131130218506
260.4	0.3031501	0.19319052062713354	0.0017499178647994995
260.6	0.3033501	0.1932777197958492	8.749961853027344E-4
260.8	0.3035001	0.19328152984324615	0.0010000169277191162
261.0	0.3037501	0.19347722584406812	0.0012499094009399414
261.2	0.30400005	0.19365949421373005	0.001624971628189087
261.4	0.3044001	0.19394751708983368	0.002124980092048645
261.6	0.30485004	0.19411073351644398	0.0018749386072158813
261.8	0.30515006	0.19423176141856396	0.0015000253915786743
262.0	0.30545005	0.19430078886210855	9.99942421913147E-4
262.2	0.30555004	0.19438800596458458	6.250292062759399E-4
262.4	0.30570006	0.19446724497822504	0.0013750791549682617
262.6	0.30610007	0.1948404202403763	0.001624971628189087
262.8	0.30635005	0.19481318450528806	9.99942421913147E-4
263.0	0.30650005	0.194840316793076	0.001125037670135498
263.2	0.30680007	0.1949711756919765	0.0018749386072158813
263.4	0.30725002	0.19523047097049576	0.0018749386072158813
263.6	0.30755004	0.19529592033031482	0.0018749386072158813
263.8	0.308	0.19551470426593948	0.0018748641014099121
264.0	0.3083	0.19578332142350394	0.0018749386072158813
264.2	0.30874997	0.19593605283941756	0.0016248971223831177
264.4	0.30894995	0.19604182409765483	0.0012499839067459106
264.6	0.30924997	0.19623184361453405	0.0010000914335250854
264.8	0.30934998	0.19626532155032902	0.0012501329183578491
265.0	0.30975002	0.19630954337447845	0.001624971628189087
265.2	0.30999997	0.19636700252314218	0.0014998763799667358
265.4	0.31034997	0.196825753346847	0.0015000253915786743
265.6	0.31059998	0.1968187982031117	0.0013749301433563232
265.8	0.31089994	0.1968532168209603	0.0016248226165771484
266.0	0.3112499	0.19697953400225784	0.0017498433589935303
266.2	0.31159988	0.19716855654497753	0.0012499839067459106
266.4	0.3117499	0.19712796980194472	6.250292062759399E-4
266.6	0.3118499	0.19721074222559282	4.999339580535889E-4
266.8	0.31194988	0.19723006157610892	8.749216794967651E-4
267.0	0.31219986	0.1975630525042389	0.0013750046491622925
267.2	0.31249988	0.19753164131669296	0.001875162124633789
267.4	0.31294993	0.19781253049612738	0.0021251291036605835
267.6	0.31334993	0.19795018683281568	0.0015000998973846436
267.8	0.31354997	0.19825210330447013	8.750706911087036E-4
268.0	0.31369996	0.19822287807146097	0.0012499094009399414
268.2	0.31404993	0.19835598422147072	0.0018750131130218506
268.4	0.31444997	0.19828942713971803	0.0023750215768814087
268.6	0.31499994	0.19835573959513378	0.0026248395442962646
268.8	0.3154999	0.19850629581224477	0.0022499263286590576
269.0	0.3158999	0.19866350813101383	0.001750066876411438
269.2	0.31619993	0.1990416035787625	0.0013750046491622925
269.4	0.3164499	0.1990901741772515	0.001499950885772705
269.6	0.3167999	0.1993182379523145	0.001499950885772705
269.8	0.3170499	0.19937852813431595	0.0012498348951339722
270.0	0.31729984	0.19953874188241508	0.001999884843826294
270.2	0.31784984	0.19980960083155178	0.0018750876188278198
270.4	0.31804988	0.19977911947180246	0.0015000998973846436
270.6	0.31844988	0.20014269285689415	0.00237487256526947
270.8	0.31899983	0.2000974751037428	0.0018748641014099121
271.0	0.31919983	0.20019080897575073	0.0012499839067459106
271.2	0.31949982	0.20027418480948891	0.001374855637550354
271.4	0.31974977	0.20035577621353967	0.001374855637550354
271.6	0.32004976	0.2003634125082293	0.0015000253915786743
271.8	0.32034978	0.2004579173741268	0.0012501329183578491
272.0	0.32054982	0.200736634909205	0.0010000914335250854
272.2	0.32074982	0.200853023488063	0.0013750046491622925
272.4	0.32109982	0.2009596714558753	0.001624971628189087
272.6	0.3213998	0.2010398954470793	9.99942421913147E-4
272.8	0.3214998	0.2011659739801722	0.0010000169277191162
273.0	0.3217998	0.20144418471206976	0.0015000998973846436
273.2	0.32209983	0.20152317483307455	0.0018749386072158813
273.4	0.3225498	0.20185142186881727	0.0017499178647994995
273.6	0.3227998	0.2019657383440732	0.0011251121759414673
273.8	0.32299984	0.2022893953188351	0.0016250461339950562
274.0	0.32344982	0.20233041417430558	0.0020001083612442017
274.2	0.32379988	0.20251804851486913	0.0018750876188278198
274.4	0.32419986	0.20284072447394988	0.0017499923706054688
274.6	0.32449988	0.20302647611285238	0.0010000914335250854
274.8	0.3245999	0.2031374905000548	7.500499486923218E-4
275.0	0.3247999	0.20333459989357566	0.0012500584125518799
275.2	0.32509992	0.20360498283195794	0.001875162124633789
275.4	0.32554996	0.2038619558069409	0.0016250461339950562
275.6	0.32574993	0.20387358103036315	9.998679161071777E-4
275.8	0.3259499	0.20389727078735304	0.0012499094009399414
276.0	0.3262499	0.20395694901439942	0.0017498433589935303
276.2	0.32664984	0.2040888950121009	0.001624971628189087
276.4	0.3268999	0.2041479599887854	0.0013750791549682617
276.6	0.32719988	0.20424289351105204	0.0012499839067459106
276.8	0.32739988	0.2043507769864495	0.001125037670135498
277.0	0.3276499	0.20438438555698232	0.0015000253915786743
277.2	0.3279999	0.20446515482555475	0.0012499839067459106
277.4	0.32814988	0.204536247508367	0.001624971628189087
277.6	0.32864988	0.20450348909655316	0.0018749386072158813
277.8	0.32889986	0.2046210877776601	0.0013749301433563232
278.0	0.32919985	0.20477392307704706	0.0020001083612442017
278.2	0.3296999	0.2051290084821398	0.002375170588493347
278.4	0.33014992	0.20538616705601828	0.0020001083612442017
278.6	0.33049995	0.20531621850641024	0.0012500584125518799
278.8	0.33064994	0.20539736258181943	0.0011248886585235596
279.0	0.3309499	0.2055470678582918	0.0014996528625488281
279.2	0.3312498	0.20547733834579246	0.0019998103380203247
279.4	0.33174983	0.205558842176711	0.001499950885772705
279.6	0.33184978	0.2055312057350654	0.001499950885772705
279.8	0.3323498	0.2056841694697463	0.002124980092048645
280.0	0.33269978	0.20574428192986116	0.0014998763799667358
280.2	0.33294976	0.20584410854648927	0.001624971628189087
280.4	0.33334976	0.20587684912552273	0.0016250461339950562
280.6	0.33359978	0.20616992740571433	0.0012500584125518799
280.8	0.3338498	0.20623209498967976	0.0013750046491622925
281.0	0.33414978	0.20648553709279774	0.001624971628189087
281.2	0.33449978	0.20673594156498795	0.0016250461339950562
281.4	0.3347998	0.2068307522596075	0.0013750791549682617
281.6	0.3350498	0.20679457686933866	0.0012499839067459106
281.8	0.3352998	0.20681854251870274	0.0012500584125518799
282.0	0.33554983	0.20708379235504557	0.0010000914335250854
282.2	0.33569983	0.2071364528329221	0.0011249631643295288
282.4	0.33599982	0.20731376947500335	0.0016248971223831177
282.6	0.3363498	0.20746367649112624	0.0021249055862426758
282.8	0.33684978	0.20741161140583864	0.0020000338554382324
283.0	0.3371498	0.20745451802697315	0.0015000998973846436
283.2	0.33744982	0.20762947188537548	0.002250075340270996
283.4	0.33804983	0.20770097986057703	0.0025000423192977905
283.6	0.33844984	0.20790405722614883	0.0020000338554382324
283.8	0.33884984	0.20808213996002958	0.0020001083612442017
284.0	0.33924988	0.20801907962765623	0.0016251206398010254
284.2	0.3394999	0.2081820104090829	0.0017499923706054688
284.4	0.33994988	0.20842623988076367	0.0017499923706054688
284.6	0.3401999	0.208635949619887	0.0012499839067459106
284.8	0.34044987	0.2086415514093559	0.0011249631643295288
285.0	0.34064987	0.2087105112555717	7.500499486923218E-4
285.2	0.3407499	0.20863110390555575	4.999339580535889E-4
285.4	0.34084985	0.20862352807500517	0.001125037670135498
285.6	0.3411999	0.2088362038528644	0.0018750131130218506
285.8	0.34159985	0.20890055046183323	0.0021248310804367065
286.0	0.34204984	0.20893610731571602	0.001999959349632263
286.2	0.34239984	0.20895511346717116	0.0015000253915786743
286.4	0.34264985	0.2092091714791217	0.0012499094009399414
286.6	0.3428998	0.2093432334361452	0.0015000253915786743
286.8	0.34324986	0.20976638640165737	0.0017501413822174072
287.0	0.34359986	0.2098428921588563	0.002250000834465027
287.2	0.34414986	0.21004351303380434	0.0020000338554382324
287.4	0.34439987	0.21028228478755348	0.0018750131130218506
287.6	0.34489986	0.21069881055666118	0.0020000338554382324
287.8	0.34519988	0.21064652697067057	0.0018750876188278198
288.0	0.3456499	0.21100610614737106	0.0013750046491622925
288.2	0.34574988	0.21099629709916434	0.0011248886585235596
288.4	0.34609985	0.21108005433538657	0.002124980092048645
288.6	0.34659988	0.21140822911903306	0.0021252036094665527
288.8	0.34694993	0.21158496361498885	0.0024999678134918213
289.0	0.34759986	0.21187080810469022	0.0022498518228530884
289.2	0.34784988	0.21185579384283423	0.0017499923706054688
289.4	0.34829986	0.21198374785237067	0.0023749470710754395
289.6	0.34879985	0.2121757757189737	0.0022499263286590576
289.8	0.34919983	0.21222478489962146	0.0017499178647994995
290.0	0.34949982	0.21231992214566378	0.001624971628189087
290.2	0.34984982	0.2124675899920049	0.001624971628189087
290.4	0.3501498	0.21253817726726631	0.001624971628189087
290.6	0.3504998	0.2125435233091471	0.001624971628189087
290.8	0.3507998	0.21273072004833166	0.002124980092048645
291.0	0.3513498	0.21299219848577042	0.002124980092048645
291.2	0.3516498	0.21309569889268445	0.002249777317047119
291.4	0.3522497	0.2133364400339149	0.002749711275100708
291.6	0.35274968	0.21350629167021817	0.0021249055862426758
291.8	0.35309967	0.21365951675909325	0.0016250461339950562
292.0	0.3533997	0.2137836271561534	0.0015000998973846436
292.2	0.3536997	0.2140708046367261	0.0018750131130218506
292.4	0.3541497	0.2141384523660983	0.0026250630617141724
292.6	0.35474974	0.21439434875558433	0.003375038504600525
292.8	0.3554997	0.21454544767854522	0.0031249970197677612
293.0	0.35599974	0.2148231816399924	0.002250000834465027
293.2	0.35639971	0.21490472133921765	0.002124980092048645
293.4	0.35684973	0.21497808437175375	0.0023749470710754395
293.6	0.3573497	0.21529857580074585	0.0024999678134918213
293.8	0.35784972	0.21537380696816177	0.002250075340270996
294.0	0.35824972	0.21540528482814084	0.0017499923706054688
294.2	0.3585497	0.21564878100539683	0.001624971628189087
294.4	0.3588997	0.2156751938962711	0.001374855637550354
294.6	0.35909966	0.21575956386461612	0.0016248226165771484
294.8	0.35954964	0.21587333505742226	0.0024999678134918213
295.0	0.36009964	0.21624751854078672	0.002875030040740967
295.2	0.36069965	0.2165075272036132	0.0018750876188278198
295.4	0.36084968	0.21660973395485067	7.500499486923218E-4
295.6	0.36099967	0.21655022346450534	7.499754428863525E-4
295.8	0.36114967	0.21659449866087233	0.0010000169277191162
296.0	0.36139968	0.21649489466027672	0.0022502243518829346
296.2	0.36204976	0.21681166224749532	0.002750083804130554
296.4	0.3624997	0.21713762768804465	0.001999884843826294
296.6	0.3628497	0.2171920276232409	0.0022498518228530884
296.8	0.36339965	0.2172105877743269	0.001999884843826294
297.0	0.36364967	0.21715473020652099	0.001375153660774231
297.2	0.36394972	0.21731980322601277	0.0011251121759414673
297.4	0.3640997	0.21739638749228862	0.001624971628189087
297.6	0.3645997	0.21742088077556926	0.0018749386072158813
297.8	0.3648497	0.21747868150176275	0.0011249631643295288
298.0	0.3650497	0.21755688174897947	7.499754428863525E-4
298.2	0.36514968	0.21767631221147637	0.001499950885772705
298.4	0.36564967	0.21807699745818016	0.0022498518228530884
298.6	0.36604962	0.21804792322020555	0.0021248310804367065
298.8	0.3664996	0.21807739315047822	0.0015000253915786743
299.0	0.36664963	0.2182321627389169	0.0010000914335250854
299.2	0.36689964	0.21832175679568686	7.500499486923218E-4
299.4	0.36694965	0.21828925019075138	6.249547004699707E-4
299.6	0.36714962	0.21834233899201017	0.001125037670135498
299.8	0.36739966	0.2185342977368403	0.0
