0.0	0.9499583	0.0015803704267943243	0.0
0.2	0.9499583	0.0015803704267943243	-3.7491321563720703E-4
0.4	0.94980836	0.0031559586221717954	-4.999339580535889E-4
0.6	0.94975835	0.003526694751120829	-5.000829696655273E-4
0.8	0.9496083	0.004983981289312542	-3.750622272491455E-4
1.0	0.9496083	0.004983981289312542	-1.2487173080444336E-4
1.2	0.9495584	0.00522470779359344	-2.498924732208252E-4
1.4	0.94950837	0.005454362709327097	-6.251037120819092E-4
1.6	0.94930834	0.006285704152143736	-6.249547004699707E-4
1.8	0.9492584	0.006475923000716265	-3.7491321563720703E-4
2.0	0.9491584	0.00683941377260836	-5.000829696655273E-4
2.2	0.94905835	0.007183145744428151	-6.251037120819092E-4
2.4	0.9489083	0.0076674693229234064	-6.249547004699707E-4
2.6	0.9488084	0.007972458141888978	-4.999339580535889E-4
2.8	0.94870836	0.00826499188284485	-6.251037120819092E-4
3.0	0.94855833	0.008683178784616762	-6.249547004699707E-4
3.2	0.9484584	0.008949726072823619	-2.498924732208252E-4
3.4	0.9484584	0.008949726072823619	-4.999339580535889E-4
3.6	0.9482584	0.009457145536610445	-7.499754428863525E-4
3.8	0.9481584	0.009699360991661658	-4.999339580535889E-4
4.0	0.9480584	0.0099346669086556	-3.7491321563720703E-4
4.2	0.9480084	0.010049880971934606	-2.5004148483276367E-4
4.4	0.9479584	0.01016354310818442	-3.7491321563720703E-4
4.6	0.94785845	0.010386414753633524	-5.000829696655273E-4
4.8	0.9477584	0.010836863156255679	-7.502734661102295E-4
5.0	0.94755834	0.011247115491552365	-6.251037120819092E-4
5.2	0.94750834	0.01134681046937536	-3.750622272491455E-4
5.4	0.9474083	0.0115429679769288	-6.251037120819092E-4
5.6	0.9472583	0.012039003418986205	-6.251037120819092E-4
5.8	0.9471583	0.01222201314024383	-6.249547004699707E-4
6.0	0.9470083	0.012490000359852201	-3.7491321563720703E-4
6.2	0.9470083	0.012490000359852201	-1.2502074241638184E-4
6.4	0.9469583	0.01257766313418256	-2.5019049644470215E-4
6.6	0.94690824	0.012664521698658835	-3.750622272491455E-4
6.8	0.9468083	0.012835891581308038	-3.7476420402526855E-4
7.0	0.94675833	0.012920433994139323	-6.254017353057861E-4
7.2	0.9465581	0.013805708526803245	-5.005300045013428E-4
7.4	0.9465581	0.013805708526803245	-1.2502074241638184E-4
7.6	0.9465081	0.01388344657693299	-3.7491321563720703E-4
7.8	0.94640815	0.014037096981662984	-2.498924732208252E-4
8.0	0.94640815	0.014037096981662984	-5.000829696655273E-4
8.2	0.9462081	0.014510688689842363	-7.50124454498291E-4
8.4	0.9461081	0.014655718613727959	-3.75211238861084E-4
8.6	0.94605803	0.014727443363807505	-7.502734661102295E-4
8.8	0.945808	0.01524336194970309	-8.749961853027344E-4
9.0	0.94570804	0.015378884429463889	-3.7491321563720703E-4
9.2	0.945658	0.015445956985407194	-3.7491321563720703E-4
9.4	0.9455581	0.015578754441510589	-5.000829696655273E-4
9.6	0.945458	0.0157097928303829	-6.252527236938477E-4
9.8	0.94530797	0.01590314728076908	-6.251037120819092E-4
10.0	0.94520795	0.016185181068824456	-2.5004148483276367E-4
10.2	0.94520795	0.016185181068824456	-2.5004148483276367E-4
10.4	0.94510794	0.016309202555485548	-5.000829696655273E-4
10.6	0.9450079	0.01658312638830357	-6.251037120819092E-4
10.8	0.9448579	0.016910871489136173	-6.251037120819092E-4
11.0	0.9447579	0.017027553443747893	-8.749961853027344E-4
11.2	0.9445079	0.01731329204899318	-6.249547004699707E-4
11.4	0.9445079	0.01731329204899318	-2.5004148483276367E-4
11.6	0.9444079	0.017425271398113444	-5.000829696655273E-4
11.8	0.94430786	0.017677954524065134	-4.999339580535889E-4
12.0	0.9442079	0.017786513958995602	-6.248056888580322E-4
12.2	0.94405794	0.017947077263876912	-6.249547004699707E-4
12.4	0.9439579	0.018190590292533216	-3.7491321563720703E-4
12.6	0.943908	0.018242534829020593	-2.5004148483276367E-4
12.8	0.9438579	0.018294195169108893	-3.750622272491455E-4
13.0	0.94375795	0.01839667305566201	-4.999339580535889E-4
13.2	0.94365793	0.01849804263136004	-6.251037120819092E-4
13.4	0.9435079	0.018648058442819217	-6.249547004699707E-4
13.6	0.94340795	0.01874673535005587	-4.999339580535889E-4
13.8	0.94330794	0.01884436488519301	-5.000829696655273E-4
14.0	0.9432079	0.018940963269025383	-6.251037120819092E-4
14.2	0.9430579	0.01908396164296415	-6.249547004699707E-4
14.4	0.94295794	0.01917804981076432	-4.997849464416504E-4
14.6	0.942858	0.01927115972359616	-2.498924732208252E-4
14.8	0.942858	0.01927115972359616	-2.5004148483276367E-4
15.0	0.94275796	0.019363305468856125	-3.750622272491455E-4
15.2	0.94270796	0.019409021084815233	-2.5004148483276367E-4
15.4	0.94265795	0.01958258388460577	-7.498264312744141E-4
15.6	0.942408	0.01980505232100062	-9.998679161071777E-4
15.8	0.942258	0.020060847219234935	-6.251037120819092E-4
16.0	0.942158	0.020146403964661636	-8.749961853027344E-4
16.2	0.941908	0.020600730092895293	-6.249547004699707E-4
16.4	0.941908	0.020600730092895293	-2.5004148483276367E-4
16.6	0.941808	0.020682361613330903	-5.000829696655273E-4
16.8	0.94170797	0.02088324866709204	-3.750622272491455E-4
17.0	0.94165796	0.020923134938670873	-4.999339580535889E-4
17.2	0.941508	0.021160105632668548	-9.998679161071777E-4
17.4	0.941258	0.021352694798257434	-7.499754428863525E-4
17.6	0.941208	0.021390653938146032	-5.002319812774658E-4
17.8	0.9410579	0.021619379471436457	-6.251037120819092E-4
18.0	0.94095796	0.021693260962311115	-8.749961853027344E-4
18.2	0.9407079	0.021988862327546245	-0.0013750791549682617
18.4	0.94040793	0.022535307014359438	-8.748471736907959E-4
18.6	0.940358	0.022569394407333503	-3.750622272491455E-4
18.8	0.9402579	0.022747253813315053	-5.000829696655273E-4
19.0	0.94015795	0.022813977260763715	-6.249547004699707E-4
19.2	0.9400079	0.023021730001926453	-7.50124454498291E-4
19.4	0.9398579	0.023118770608572918	-5.002319812774658E-4
19.6	0.93980783	0.023150811092312876	-6.249547004699707E-4
19.8	0.9396079	0.02349127620572648	-7.499754428863525E-4
20.0	0.93950784	0.023659037384452738	-2.5019049644470215E-4
20.2	0.93950784	0.023659037384452738	-4.999339580535889E-4
20.4	0.93930787	0.023885352110778607	-6.249547004699707E-4
20.6	0.93925786	0.023915215787464816	-5.000829696655273E-4
20.8	0.93910784	0.02451917715305541	-4.999339580535889E-4
21.0	0.9390579	0.024547862430305576	-1.2487173080444336E-4
21.2	0.9390579	0.024547862430305576	-1.2502074241638184E-4
21.4	0.9390079	0.02457641248413031	-0.0013749301433563232
21.6	0.9385079	0.025352515330417873	-0.0013747811317443848
21.8	0.93845797	0.02537907672100718	-3.75211238861084E-4
22.0	0.93835783	0.025529933931313538	-6.255507469177246E-4
22.2	0.93820775	0.025802325697366704	-6.252527236938477E-4
22.4	0.9381077	0.025853239889261508	-3.750622272491455E-4
22.6	0.9380577	0.02587851451412326	-3.7491321563720703E-4
22.8	0.93795776	0.0259287006181645	-6.248056888580322E-4
23.0	0.9378078	0.026003077100644516	-3.7491321563720703E-4
23.2	0.9378078	0.026003077100644516	-5.000829696655273E-4
23.4	0.93760777	0.026575176789076994	-8.751451969146729E-4
23.6	0.93745774	0.0267394374530765	-0.0010000169277191162
23.8	0.93720776	0.026854422717891485	-6.249547004699707E-4
24.0	0.93720776	0.026854422717891485	-2.498924732208252E-4
24.2	0.9371078	0.027084867002478523	-4.999339580535889E-4
24.4	0.9370078	0.02722131543180581	-6.251037120819092E-4
24.6	0.93685776	0.027560433903638007	-3.750622272491455E-4
24.8	0.93685776	0.027560433903638007	-3.7476420402526855E-4
25.0	0.93670785	0.02780485577773297	-7.496774196624756E-4
25.2	0.9365579	0.028135342516997893	-7.499754428863525E-4
25.4	0.93640786	0.028284978213590516	-7.499754428863525E-4
25.6	0.9362579	0.028608346444714997	-6.249547004699707E-4
25.8	0.9361579	0.028647469130307985	-3.750622272491455E-4
26.0	0.9361079	0.02866687963842829	-3.75211238861084E-4
26.2	0.9360078	0.02870539998897611	-5.000829696655273E-4
26.4	0.93590784	0.02874352084749548	-7.50124454498291E-4
26.6	0.93570775	0.02916350416863444	-6.251037120819092E-4
26.8	0.9356578	0.029181800440455336	-4.999339580535889E-4
27.0	0.9355078	0.02923610744960308	-5.002319812774658E-4
27.2	0.9354577	0.029339350209108103	-5.000829696655273E-4
27.4	0.93530774	0.029561968099146928	-3.7491321563720703E-4
27.6	0.93530774	0.029561968099146928	-2.498924732208252E-4
27.8	0.9352078	0.029765079279576914	-5.000829696655273E-4
28.0	0.9351077	0.030049790946032467	-8.752942085266113E-4
28.2	0.93485767	0.030215516399850092	-6.251037120819092E-4
28.4	0.93485767	0.030215516399850092	-2.498924732208252E-4
28.6	0.9347577	0.030247932714141085	-6.251037120819092E-4
28.8	0.9346076	0.030460464852338966	-6.252527236938477E-4
29.0	0.9345076	0.030573680062835732	-7.498264312744141E-4
29.2	0.9343077	0.030716606408369374	-7.499754428863525E-4
29.4	0.9342076	0.030827907842184428	-3.750622272491455E-4
29.6	0.93415767	0.030842785274119915	-6.248056888580322E-4
29.8	0.9339577	0.031062797549703067	-0.0010000169277191162
30.0	0.93375766	0.03111972676781282	-5.000829696655273E-4
30.2	0.93375766	0.03111972676781282	-2.5019049644470215E-4
30.4	0.9336576	0.031227830325473684	-3.75211238861084E-4
30.6	0.9336076	0.031241637080277718	-3.7491321563720703E-4
30.8	0.9335076	0.031268992462085025	-6.249547004699707E-4
31.0	0.9333576	0.03130938184349276	-5.000829696655273E-4
31.2	0.9333076	0.03132267376879526	-3.7491321563720703E-4
31.4	0.93320763	0.031349001485482156	-8.748471736907959E-4
31.6	0.93295765	0.031730070779878904	-8.749961853027344E-4
31.8	0.93285763	0.031754958555718214	-5.002319812774658E-4
32.0	0.93275756	0.031936458447630434	-7.50124454498291E-4
32.2	0.9325576	0.0321402763916156	-0.0010000169277191162
32.4	0.93235755	0.03226418078099692	-8.752942085266113E-4
32.6	0.93220747	0.0324524243703999	-8.752942085266113E-4
32.8	0.93200743	0.03257299253231495	-5.000829696655273E-4
33.0	0.93200743	0.03257299253231495	-1.2487173080444336E-4
33.2	0.9319575	0.032813066683702014	-3.750622272491455E-4
33.4	0.9318574	0.033061720261926913	-8.752942085266113E-4
33.6	0.93160737	0.03326319038993544	-7.502734661102295E-4
33.8	0.9315573	0.03334812329494124	-6.249547004699707E-4
34.0	0.9313574	0.03368497165786232	-4.997849464416504E-4
34.2	0.9313574	0.03368497165786232	-1.2502074241638184E-4
34.4	0.9313074	0.033694358818463034	-3.750622272491455E-4
34.6	0.93120736	0.033860889181786154	-3.750622272491455E-4
34.8	0.93115735	0.03387000615250625	-3.7491321563720703E-4
35.0	0.9310574	0.03388801143210646	-3.7491321563720703E-4
35.2	0.9310074	0.03389689984946203	-2.5004148483276367E-4
35.4	0.9309574	0.03405286065504628	-2.5004148483276367E-4
35.6	0.93090737	0.0340615592621563	-3.750622272491455E-4
35.8	0.93080735	0.03422513412712674	-2.5004148483276367E-4
36.0	0.93080735	0.03422513412712674	-3.7491321563720703E-4
36.2	0.9306574	0.03439589065829539	-6.248056888580322E-4
36.4	0.9305574	0.0344121678513907	-6.251037120819092E-4
36.6	0.93040735	0.03458091664338392	-7.50124454498291E-4
36.8	0.9302574	0.03460400697165262	-6.248056888580322E-4
37.0	0.9301574	0.034763159899061084	-3.7491321563720703E-4
37.2	0.9301074	0.03491403422049416	-5.000829696655273E-4
37.4	0.9299574	0.0350071032807858	-5.002319812774658E-4
37.6	0.9299073	0.03508546383708601	-3.75211238861084E-4
37.8	0.9298073	0.03509928451995937	-5.000829696655273E-4
38.0	0.9297073	0.035254925524833655	-3.750622272491455E-4
38.2	0.9296573	0.03526155518873917	-7.50124454498291E-4
38.4	0.92940724	0.03536438561671265	-7.50124454498291E-4
38.6	0.92935723	0.03544118033490179	-2.5019049644470215E-4
38.8	0.92930716	0.035517738612773866	-3.750622272491455E-4
39.0	0.9292072	0.03552970247772439	-4.999339580535889E-4
39.2	0.9291072	0.03561165191664006	-2.5004148483276367E-4
39.4	0.9291072	0.03561165191664006	0.0
39.6	0.9291072	0.03561165191664006	-2.503395080566406E-4
39.8	0.92900705	0.03583294215428442	-5.002319812774658E-4
40.0	0.9289071	0.035913642789142386	-3.7491321563720703E-4
40.2	0.9288571	0.03598857085155708	-5.002319812774658E-4
40.4	0.928707	0.03600430158752267	-7.502734661102295E-4
40.6	0.928557	0.03622702342620783	-7.50124454498291E-4
40.8	0.92840695	0.03651629380007819	-6.249547004699707E-4
41.0	0.928307	0.036730228786664265	-6.248056888580322E-4
41.2	0.92815703	0.03674339681169643	-7.50124454498291E-4
41.4	0.92800695	0.0368917293750313	-5.000829696655273E-4
41.6	0.927957	0.037098479738040195	-0.0010000169277191162
41.8	0.92760694	0.03765952317112183	-0.0012502074241638184
42.0	0.9274569	0.037868155211390704	-8.751451969146729E-4
42.2	0.9272569	0.038209124157539846	-7.502734661102295E-4
42.4	0.9271568	0.03841063864595758	-3.75211238861084E-4
42.6	0.9271068	0.038543347812104105	-2.498924732208252E-4
42.8	0.92705685	0.038804602375488294	-2.498924732208252E-4
43.0	0.92700684	0.03880721152158274	-1.2502074241638184E-4
43.2	0.92700684	0.03880721152158274	-1.2502074241638184E-4
43.4	0.92695683	0.038938376512736586	-3.75211238861084E-4
43.6	0.92685676	0.03919919846326604	-7.502734661102295E-4
43.8	0.9266567	0.03933544392627744	-0.001125335693359375
44.0	0.9264066	0.039661563474598364	-8.752942085266113E-4
44.2	0.9263066	0.03966496714243549	-6.249547004699707E-4
44.4	0.92615664	0.03992088574343188	-4.999339580535889E-4
44.6	0.92610663	0.040047342207909335	-2.5004148483276367E-4
44.8	0.9260566	0.04017333838869261	-6.249547004699707E-4
45.0	0.92585665	0.04054968693575681	-0.001125037670135498
45.2	0.9256066	0.04073867442017412	-7.50124454498291E-4
45.4	0.9255566	0.04080069959527088	-4.999339580535889E-4
45.6	0.92540663	0.04092480407753847	-6.249547004699707E-4
45.8	0.9253066	0.04098670007854345	-7.498264312744141E-4
46.0	0.9251067	0.041291519555297064	-7.499754428863525E-4
46.2	0.9250066	0.04135214118943303	-6.252527236938477E-4
46.4	0.9248566	0.041412281705936436	-0.0011251866817474365
46.6	0.92455655	0.04177076805657706	-7.50124454498291E-4
46.8	0.92455655	0.04177076805657706	-4.999339580535889E-4
47.0	0.9243566	0.04194731275786127	-6.251037120819092E-4
47.2	0.9243065	0.04194650816686252	-1.251697540283203E-4
47.4	0.9243065	0.04194650816686252	-2.498924732208252E-4
47.6	0.92420655	0.04230082211597288	-7.498264312744141E-4
47.8	0.9240066	0.04241461471974905	-0.001249760389328003
48.0	0.92370665	0.04275873631850357	-9.998679161071777E-4
48.2	0.92360663	0.04287236325980012	-2.5004148483276367E-4
48.4	0.92360663	0.04287236325980012	-5.000829696655273E-4
48.6	0.9234066	0.04298185106477201	-5.000829696655273E-4
48.8	0.9234066	0.04298185106477201	-4.999339580535889E-4
49.0	0.9232066	0.043206012530783815	-6.251037120819092E-4
49.2	0.92315656	0.04331947619010914	-3.750622272491455E-4
49.4	0.9230566	0.043372768103370825	-6.249547004699707E-4
49.6	0.9229066	0.04342337513707284	-6.251037120819092E-4
49.8	0.92280656	0.043533429777650616	-2.5004148483276367E-4
50.0	0.92280656	0.043533429777650616	-4.999339580535889E-4
50.2	0.9226066	0.04409353139823618	-7.499754428863525E-4
50.4	0.9225066	0.04437059287682637	-6.252527236938477E-4
50.6	0.9223565	0.044474453347670716	-8.749961853027344E-4
50.8	0.9221566	0.04457439839010469	-7.499754428863525E-4
51.0	0.9220565	0.0446799394689334	-3.75211238861084E-4
51.2	0.9220065	0.04473253273943996	-6.249547004699707E-4
51.4	0.9218065	0.044941734410074735	-6.249547004699707E-4
51.6	0.9217565	0.044938146293729185	-6.251037120819092E-4
51.8	0.9215565	0.045089876646313296	-7.50124454498291E-4
52.0	0.92145646	0.045192886341331756	-7.50124454498291E-4
52.2	0.9212564	0.04528727156452277	-0.0015003979206085205
52.4	0.9208563	0.04574687919313483	-0.001500248908996582
52.6	0.9206563	0.045946457468736907	-6.249547004699707E-4
52.8	0.9206063	0.04599608079413539	-5.000829696655273E-4
53.0	0.9204563	0.04614430572885345	-5.000829696655273E-4
53.2	0.9204063	0.04619350003748252	-2.498924732208252E-4
53.4	0.92035633	0.046404492784314175	-3.750622272491455E-4
53.6	0.92025626	0.046663014780986216	-6.251037120819092E-4
53.8	0.9201063	0.04670106470733717	-4.999339580535889E-4
54.0	0.9200563	0.046695791516195115	-2.5019049644470215E-4
54.2	0.9200062	0.04669046417739953	-5.002319812774658E-4
54.4	0.9198562	0.04672768922936	-8.749961853027344E-4
54.6	0.9196562	0.04681214524385765	-7.50124454498291E-4
54.8	0.91955614	0.04680060835731235	-2.5019049644470215E-4
55.0	0.91955614	0.04680060835731235	-3.7491321563720703E-4
55.2	0.9194062	0.047155481562148126	-7.498264312744141E-4
55.4	0.9192562	0.047454577626759836	-7.498264312744141E-4
55.6	0.91910625	0.047646504964362964	-7.499754428863525E-4
55.8	0.9189562	0.04773255634916515	-0.0010000169277191162
56.0	0.91870624	0.047752585616018424	-7.50124454498291E-4
56.2	0.9186562	0.047745962476044006	-3.750622272491455E-4
56.4	0.9185562	0.047941599243785125	-3.7491321563720703E-4
56.6	0.9185062	0.04793484576520462	-3.750622272491455E-4
56.8	0.9184062	0.047973320019790794	-3.750622272491455E-4
57.0	0.9183562	0.04801850610377452	-3.7491321563720703E-4
57.2	0.9182562	0.048108595167119864	-3.7491321563720703E-4
57.4	0.9182062	0.04810155329543463	-3.750622272491455E-4
57.6	0.9181062	0.048191175737024784	-2.5004148483276367E-4
57.8	0.9181062	0.048191175737024784	-3.750622272491455E-4
58.0	0.9179562	0.048479860896122405	-6.251037120819092E-4
58.2	0.91785616	0.0486197172615009	-6.251037120819092E-4
58.4	0.91770613	0.048597421825197426	-0.0012499094009399414
58.6	0.9173562	0.04880037801840689	-9.998679161071777E-4
58.8	0.9173062	0.04894598447693626	-2.498924732208252E-4
59.0	0.91725624	0.048938092501039324	-5.000829696655273E-4
59.2	0.91710615	0.049067192619166235	-7.50124454498291E-4
59.4	0.9169562	0.04924628809676612	-6.249547004699707E-4
59.6	0.91685617	0.049381948984154315	-7.499754428863525E-4
59.8	0.9166562	0.0496011782733501	-8.751451969146729E-4
60.0	0.9165061	0.04967644689070436	-5.002319812774658E-4
60.2	0.9164561	0.04981863985851749	-3.7491321563720703E-4
60.4	0.91635615	0.04995174543806564	-7.499754428863525E-4
60.6	0.9161561	0.05001676591903047	-8.749961853027344E-4
60.8	0.91600615	0.04998999274972377	-6.249547004699707E-4
61.0	0.91590613	0.050121745552419904	-3.750622272491455E-4
61.2	0.9158561	0.05011264189477693	-3.7491321563720703E-4
61.4	0.91575617	0.05009427990604688	-7.498264312744141E-4
61.6	0.9155562	0.05020654223305407	-9.998679161071777E-4
61.8	0.9153562	0.05046659178127896	-7.499754428863525E-4
62.0	0.9152562	0.05044736749204886	-2.5004148483276367E-4
62.2	0.9152562	0.05044736749204886	-1.2487173080444336E-4
62.4	0.91520625	0.05043767825789956	-7.50124454498291E-4
62.6	0.91495615	0.05068527277523576	-7.502734661102295E-4
62.8	0.91490614	0.05072464264410034	-7.499754428863525E-4
63.0	0.91465616	0.05082201155261422	-7.498264312744141E-4
63.2	0.9146062	0.0508118033475161	-1.2487173080444336E-4
63.4	0.9146062	0.0508118033475161	-2.5019049644470215E-4
63.6	0.91450614	0.05084043031136216	-7.499754428863525E-4
63.8	0.9143062	0.05104419024175791	-8.748471736907959E-4
64.0	0.9141562	0.05106150069703868	-6.249547004699707E-4
64.2	0.91405624	0.05128446997851318	-3.7491321563720703E-4
64.4	0.91400623	0.05127376874575587	-3.7491321563720703E-4
64.6	0.9139063	0.0513496772384865	-3.7491321563720703E-4
64.8	0.91385627	0.05138751645768736	-3.7491321563720703E-4
65.0	0.9137563	0.0513657166725539	-3.750622272491455E-4
65.2	0.91370624	0.05145201014307098	-7.502734661102295E-4
65.4	0.9134562	0.05159066610449684	-8.752942085266113E-4
65.6	0.9133561	0.05181000702216088	-5.000829696655273E-4
65.8	0.91325617	0.05193204049933026	-0.0010001659393310547
66.0	0.91295606	0.05224745757281837	-0.0012505054473876953
66.2	0.91275597	0.052630189230118654	-7.50124454498291E-4
66.4	0.912656	0.05265431430469304	-7.498264312744141E-4
66.6	0.91245604	0.052844080164365766	-9.998679161071777E-4
66.8	0.91225606	0.05312661081758451	-0.0012500584125518799
67.0	0.911956	0.05352286214495349	-0.0011251866817474365
67.2	0.911806	0.053672705071468575	-7.499754428863525E-4
67.4	0.911656	0.05391453205517884	-0.0010000169277191162
67.6	0.911406	0.054037387659985885	-0.001125037670135498
67.8	0.911206	0.054355857435708116	-7.499754428863525E-4
68.0	0.911106	0.054468240584023934	-2.5004148483276367E-4
68.2	0.911106	0.054468240584023934	-6.249547004699707E-4
68.4	0.910856	0.054815843799453666	-0.0012500584125518799
68.6	0.91060597	0.05493304315125606	-6.251037120819092E-4
68.8	0.91060597	0.05493304315125606	-3.75211238861084E-4
69.0	0.9104559	0.05507537307673306	-6.254017353057861E-4
69.2	0.9103558	0.05509425301123812	-5.002319812774658E-4
69.4	0.9102558	0.05524886164727421	-8.749961853027344E-4
69.6	0.9100058	0.055722519871524025	-0.001125037670135498
69.8	0.9098058	0.055981775795695084	-0.0013750791549682617
70.0	0.9094558	0.056331134448081896	-8.749961853027344E-4
70.2	0.9094558	0.056331134448081896	-2.5019049644470215E-4
70.4	0.9093557	0.05634781897848873	-5.000829696655273E-4
70.6	0.90925574	0.05645296012001556	-3.7491321563720703E-4
70.8	0.90920573	0.05674820888344159	-6.251037120819092E-4
71.0	0.9090057	0.05691220612500752	-0.0010001659393310547
71.2	0.90880567	0.05703121255233581	-0.001125037670135498
71.4	0.9085557	0.05726601702188445	-9.998679161071777E-4
71.6	0.9084057	0.05748425177191147	-8.749961853027344E-4
71.8	0.9082057	0.0578598234745866	-6.251037120819092E-4
72.0	0.9081557	0.05793165517829744	-6.249547004699707E-4
72.2	0.9079557	0.058346351061680055	-7.499754428863525E-4
72.4	0.9078557	0.058488261041197996	-6.251037120819092E-4
72.6	0.90770566	0.05865755859836903	-7.499754428863525E-4
72.8	0.9075557	0.05886846930232369	-7.50124454498291E-4
73.0	0.9074056	0.05890873593516241	-6.251037120819092E-4
73.2	0.90730566	0.05934399025364549	-6.251037120819092E-4
73.4	0.9071556	0.05946744209716254	-5.002319812774658E-4
73.6	0.90710557	0.05962037548961078	-3.750622272491455E-4
73.8	0.90700555	0.05988321251890065	-6.251037120819092E-4
74.0	0.9068555	0.06021276153963493	-0.001125037670135498
74.2	0.90655553	0.06074205018124734	-0.0012502074241638184
74.4	0.90635544	0.060804413124824395	-8.749961853027344E-4
74.6	0.90620553	0.06092256693044608	-7.498264312744141E-4
74.8	0.9060555	0.06108106631111786	-7.50124454498291E-4
75.0	0.9059055	0.06136113729294597	-7.499754428863525E-4
75.2	0.9057555	0.06143644411985964	-6.251037120819092E-4
75.4	0.90565544	0.06156765922991786	-6.252527236938477E-4
75.6	0.9055054	0.06168264878940412	-4.999339580535889E-4
75.8	0.90545547	0.061707346875652436	-7.50124454498291E-4
76.0	0.90520537	0.0619916055319955	-0.001125037670135498
76.2	0.90500546	0.06220931723372233	-7.498264312744141E-4
76.4	0.90490544	0.06233770246778857	-2.5004148483276367E-4
76.6	0.90490544	0.06233770246778857	-7.502734661102295E-4
76.8	0.9046053	0.0625606836473542	-0.0012503564357757568
77.0	0.9044053	0.06277451025276362	-0.0012502074241638184
77.2	0.90410525	0.0629141409807952	-0.001500248908996582
77.4	0.9038052	0.06328948676636308	-8.751451969146729E-4
77.6	0.9037552	0.06331221549942821	-7.499754428863525E-4
77.8	0.9035052	0.06358261662451695	-8.751451969146729E-4
78.0	0.90340513	0.06386265839771824	-6.251037120819092E-4
78.2	0.90325516	0.06396824704546798	-7.499754428863525E-4
78.4	0.90310514	0.0642291922092945	-4.999339580535889E-4
78.6	0.9030552	0.06425104379586334	-3.7491321563720703E-4
78.8	0.9029552	0.06425571278555621	-4.999339580535889E-4
79.0	0.9028552	0.06433798739270619	-7.50124454498291E-4
79.2	0.9026551	0.06438537580338778	-7.502734661102295E-4
79.4	0.9025551	0.06442822836484062	-3.750622272491455E-4
79.6	0.9025051	0.06456585099061303	-4.999339580535889E-4
79.8	0.90235513	0.06459084002044824	-4.997849464416504E-4
80.0	0.9023052	0.0646506698673295	-6.249547004699707E-4
80.2	0.90210515	0.06473475964824772	-0.0010000169277191162
80.4	0.9019052	0.06501068460020852	-6.249547004699707E-4
80.6	0.9018552	0.06506978262841485	-6.251037120819092E-4
80.8	0.90165514	0.0651135669520553	-7.50124454498291E-4
81.0	0.9015551	0.06515440584231949	-4.999339580535889E-4
81.2	0.90145516	0.06515670800583735	-9.998679161071777E-4
81.4	0.9011552	0.06546889798126684	-0.0010001659393310547
81.6	0.9010551	0.06550875205251687	-8.751451969146729E-4
81.8	0.9008051	0.06572183121869848	-0.0010000169277191162
82.0	0.9006551	0.06574250222245502	-5.002319812774658E-4
82.2	0.900605	0.06576198821903731	-3.750622272491455E-4
82.4	0.90050507	0.06583881147869691	-4.999339580535889E-4
82.6	0.90040505	0.06587745509869422	-5.002319812774658E-4
82.8	0.900305	0.06618088167920495	-3.750622272491455E-4
83.0	0.900255	0.06619997429858089	-3.7491321563720703E-4
83.2	0.900155	0.06627576173052581	-5.000829696655273E-4
83.4	0.900055	0.06623818078404536	-6.251037120819092E-4
83.6	0.89990497	0.06659571357890749	-5.002319812774658E-4
83.8	0.8998549	0.06680177048102592	-6.251037120819092E-4
84.0	0.8996549	0.06687582925710599	-8.748471736907959E-4
84.2	0.89950496	0.06685618173953417	-7.499754428863525E-4
84.4	0.89935493	0.06713476402974958	-6.251037120819092E-4
84.6	0.8992549	0.067133721321218	-6.251037120819092E-4
84.8	0.8991049	0.06718771490877419	-5.000829696655273E-4
85.0	0.8990549	0.06720562871885842	-7.50124454498291E-4
85.2	0.89880484	0.06748006396799973	-7.499754428863525E-4
85.4	0.8987549	0.067571714016996	-2.498924732208252E-4
85.6	0.8987049	0.06762624515893034	-8.749961853027344E-4
85.8	0.8984049	0.06798852141164045	-9.998679161071777E-4
86.0	0.89830494	0.06798609447161753	-7.50124454498291E-4
86.2	0.89810485	0.06794401400171521	-0.0010001659393310547
86.4	0.8979049	0.06812186902447145	-6.249547004699707E-4
86.6	0.89785486	0.06813865669601615	-5.000829696655273E-4
86.8	0.89770484	0.06822542806786888	-5.000829696655273E-4
87.0	0.89765483	0.0682786682216756	-2.498924732208252E-4
87.2	0.8976049	0.0682952343263122	-7.50124454498291E-4
87.4	0.8973548	0.06866932746115785	-0.0010001659393310547
87.6	0.8972048	0.06879068999301605	-8.749961853027344E-4
87.8	0.8970048	0.06881859506240547	-0.0012502074241638184
88.0	0.89670473	0.06913110024839698	-7.50124454498291E-4
88.2	0.89670473	0.06913110024839698	-3.7491321563720703E-4
88.4	0.89655477	0.06921413526824112	-6.251037120819092E-4
88.6	0.8964547	0.06917294645226622	-2.5019049644470215E-4
88.8	0.8964547	0.06917294645226622	-4.999339580535889E-4
89.0	0.8962547	0.06937893408163714	-7.50124454498291E-4
89.2	0.89615464	0.0695174546046614	-7.50124454498291E-4
89.4	0.89595467	0.06982905197428554	-6.251037120819092E-4
89.6	0.8959046	0.06980823016903762	-3.750622272491455E-4
89.8	0.89580464	0.06987387925104124	-4.999339580535889E-4
90.0	0.8957046	0.07018909465188546	-6.251037120819092E-4
90.2	0.8955546	0.07026874487944769	-6.251037120819092E-4
90.4	0.8954546	0.07029791253111324	-6.251037120819092E-4
90.6	0.89530456	0.07037690672178538	-5.000829696655273E-4
90.8	0.89525455	0.07035578512087197	-6.249547004699707E-4
91.0	0.8950546	0.07055491831116706	-0.001125037670135498
91.2	0.89480454	0.07097858127440973	-8.751451969146729E-4
91.4	0.8947045	0.07125243135932052	-6.251037120819092E-4
91.6	0.8945545	0.07129373374440912	-6.251037120819092E-4
91.8	0.8944545	0.07135612424728693	-3.75211238861084E-4
92.0	0.8944044	0.07136973423236719	-7.499754428863525E-4
92.2	0.8941545	0.07154213068259939	-0.0013747811317443848
92.4	0.8938545	0.07203940916220807	-9.998679161071777E-4
92.6	0.89375454	0.07220413060086416	-5.000829696655273E-4
92.8	0.89365447	0.07216076825909333	-3.750622272491455E-4
93.0	0.8936045	0.07213902533651492	-8.748471736907959E-4
93.2	0.8933045	0.07238859696381485	-0.001125037670135498
93.4	0.8931545	0.07252983161594745	-5.000829696655273E-4
93.6	0.8931045	0.07254232538112376	-2.5019049644470215E-4
93.8	0.8930544	0.07252031764540161	-2.5004148483276367E-4
94.0	0.8930045	0.0725672031357744	-3.7491321563720703E-4
94.2	0.89290446	0.07266078013510063	-6.249547004699707E-4
94.4	0.8927545	0.07293789441767282	-7.499754428863525E-4
94.6	0.8926045	0.07300848540562445	-8.749961853027344E-4
94.8	0.8924045	0.07322731007709245	-8.748471736907959E-4
95.0	0.89225453	0.07336509006086667	-4.999339580535889E-4
95.2	0.8922045	0.07354698439337949	-3.7491321563720703E-4
95.4	0.89210457	0.07357029912358837	-6.249547004699707E-4
95.6	0.89195454	0.07367290152906979	-0.0013749301433563232
95.8	0.8915546	0.07393305347235012	-0.0012499094009399414
96.0	0.8914546	0.07412419578584299	-0.0010001659393310547
96.2	0.8911545	0.07439204528616697	-0.0017501413822174072
96.4	0.8907545	0.07501290831864303	-0.001624971628189087
96.6	0.89050454	0.07552978837038678	-0.0010000169277191162
96.8	0.8903545	0.07569264450192248	-7.50124454498291E-4
97.0	0.8902045	0.07575591677317436	-8.751451969146729E-4
97.2	0.89000446	0.07572977566322789	-7.502734661102295E-4
97.4	0.8899044	0.07574951430243732	-3.7536025047302246E-4
97.6	0.8898543	0.0757593321930815	-6.252527236938477E-4
97.8	0.8896543	0.07586419721219964	-7.50124454498291E-4
98.0	0.88955426	0.07588343968089509	-3.750622272491455E-4
98.2	0.88950425	0.0759259436344448	-8.751451969146729E-4
98.4	0.8892042	0.07611411770730045	-0.0010001659393310547
98.6	0.8891042	0.07619835246424352	-8.748471736907959E-4
98.8	0.88885427	0.07640796045818046	-8.749961853027344E-4
99.0	0.8887542	0.07652409047169556	-6.252527236938477E-4
99.2	0.88860416	0.07658354210896326	-8.749961853027344E-4
99.4	0.8884042	0.07661878958505527	-7.499754428863525E-4
99.6	0.8883042	0.07699421361962065	-5.000829696655273E-4
99.8	0.88820416	0.07707631885879337	-7.50124454498291E-4
100.0	0.8880041	0.07730458544504998	-9.998679161071777E-4
100.2	0.8878042	0.07766053658020612	-7.499754428863525E-4
100.4	0.88770413	0.07777344626001825	-8.751451969146729E-4
100.6	0.88745415	0.07774957518237258	-6.249547004699707E-4
100.8	0.88745415	0.07774957518237258	-6.248056888580322E-4
101.0	0.88720423	0.07826978297087583	-0.001125037670135498
101.2	0.88700414	0.07820485230637451	-7.50124454498291E-4
101.4	0.8869042	0.07828402725085677	-7.499754428863525E-4
101.6	0.88670415	0.07853730916835584	-8.751451969146729E-4
101.8	0.8865541	0.0785913254178684	-4.999339580535889E-4
102.0	0.8865042	0.07863045803214976	-2.498924732208252E-4
102.2	0.88645416	0.07863775447256004	-7.50124454498291E-4
102.4	0.8862041	0.07899087879169497	-8.751451969146729E-4
102.6	0.8861041	0.07903663032852441	-7.499754428863525E-4
102.8	0.88590413	0.07912767487420286	-7.499754428863525E-4
103.0	0.8858041	0.07907818239679072	-5.000829696655273E-4
103.2	0.8857041	0.07915496782055867	-2.5004148483276367E-4
103.4	0.8857041	0.07915496782055867	-7.50124454498291E-4
103.6	0.88540405	0.07928958904252174	-0.0011251866817474365
103.8	0.885254	0.07940362981120268	-8.751451969146729E-4
104.0	0.885054	0.07955498994088808	-7.499754428863525E-4
104.2	0.88495404	0.07959897249424953	-4.999339580535889E-4
104.4	0.884854	0.07958000012887935	-7.499754428863525E-4
104.6	0.88465405	0.0797613717961979	-0.0011248886585235596
104.8	0.88440406	0.07985385984570732	-6.249547004699707E-4
105.0	0.88440406	0.07985385984570732	-2.5019049644470215E-4
105.2	0.884304	0.08002192764885975	-3.750622272491455E-4
105.4	0.88425404	0.08005895580128519	-4.999339580535889E-4
105.6	0.884104	0.08004491801989473	-7.50124454498291E-4
105.8	0.883954	0.08012425600908508	-8.751451969146729E-4
106.0	0.88375396	0.08033328329599732	-0.0010006129741668701
106.2	0.88355374	0.08038592164021306	-0.0010006129741668701
106.4	0.8833537	0.08037584458941748	-0.0010001659393310547
106.6	0.8831537	0.08086146413772383	-8.751451969146729E-4
106.8	0.88300365	0.08106169803518337	-6.249547004699707E-4
107.0	0.8829037	0.08125631603822463	-2.498924732208252E-4
107.2	0.8829037	0.08125631603822463	-2.498924732208252E-4
107.4	0.88280374	0.08129673362376948	-6.249547004699707E-4
107.6	0.8826537	0.08128023372930518	-7.50124454498291E-4
107.8	0.8825037	0.081723612764299	-0.0010003149509429932
108.0	0.8822536	0.08192945979138186	-0.0012502074241638184
108.2	0.8820036	0.0822252935051085	-7.50124454498291E-4
108.4	0.88195354	0.08238140789259811	-3.750622272491455E-4
108.6	0.8818536	0.08245044794719633	-8.748471736907959E-4
108.8	0.8816036	0.08250114461183833	-8.749961853027344E-4
109.0	0.8815036	0.08269068187855276	-3.7491321563720703E-4
109.2	0.88145363	0.08278524248684209	-3.750622272491455E-4
109.4	0.88135356	0.0827929729541012	-6.252527236938477E-4
109.6	0.88120353	0.08292501957679503	-8.749961853027344E-4
109.8	0.88100356	0.08284925389621906	-7.499754428863525E-4
110.0	0.88090354	0.08288660246857786	-3.7491321563720703E-4
110.2	0.8808536	0.08285998050488598	-3.750622272491455E-4
110.4	0.8807535	0.0829574370925161	-0.0013750791549682617
110.6	0.88030356	0.08331811858453694	-0.0013749301433563232
110.8	0.88020355	0.08353417779971024	-6.251037120819092E-4
111.0	0.8800535	0.08360320783788017	-7.502734661102295E-4
111.2	0.87990344	0.08382117192485188	-7.502734661102295E-4
111.4	0.8797534	0.08379997829208591	-0.001249760389328003
111.6	0.87940353	0.08384890494071527	-0.001499950885772705
111.8	0.87915343	0.08404032562429468	-0.0010003149509429932
112.0	0.8790034	0.08434452468431769	-7.499754428863525E-4
112.2	0.87885344	0.08446997302883096	-6.248056888580322E-4
112.4	0.8787535	0.0845336403303566	-7.50124454498291E-4
112.6	0.8785534	0.08463094199233925	-7.50124454498291E-4
112.8	0.87845343	0.08469413405371394	-4.997849464416504E-4
113.0	0.8783535	0.08487506316522256	-6.249547004699707E-4
113.2	0.87820345	0.08493973654272946	-8.749961853027344E-4
113.4	0.8780035	0.08512343302714076	-0.0013750791549682617
113.6	0.8776534	0.08536964538351068	-0.001125037670135498
113.8	0.87755346	0.08531410407010181	-8.748471736907959E-4
114.0	0.8773035	0.08561371890616186	-0.0012503564357757568
114.2	0.8770533	0.08582421766894349	-6.254017353057861E-4
114.4	0.8770533	0.08582421766894349	-5.000829696655273E-4
114.6	0.8768533	0.08591610060242981	-6.251037120819092E-4
114.8	0.8768033	0.08597533857975653	-2.5004148483276367E-4
115.0	0.8767533	0.08600544368058495	-7.499754428863525E-4
115.2	0.8765033	0.08621339138261284	-8.749961853027344E-4
115.4	0.8764033	0.0862440656026266	-7.502734661102295E-4
115.6	0.8762032	0.08644974757842118	-0.0010001659393310547
115.8	0.8760032	0.08665447958444675	-0.001125037670135498
116.0	0.87575316	0.0868299276758375	-0.001125037670135498
116.2	0.8755532	0.08688898861545541	-0.0012500584125518799
116.4	0.87525314	0.08723494912855226	-0.0011251866817474365
116.6	0.8751031	0.08734980723629636	-8.749961853027344E-4
116.8	0.87490314	0.08772108533723864	-8.751451969146729E-4
117.0	0.87475306	0.08783471018909325	-6.251037120819092E-4
117.2	0.8746531	0.08791971517962567	-7.502734661102295E-4
117.4	0.87445295	0.08803235949135685	-8.752942085266113E-4
117.6	0.874303	0.08817317520055497	-4.999339580535889E-4
117.8	0.874253	0.08822945271323336	-3.750622272491455E-4
118.0	0.87415296	0.08825687692331081	-6.249547004699707E-4
118.2	0.874003	0.08828362716340273	-8.751451969146729E-4
118.4	0.8738029	0.08853563577529665	-7.502734661102295E-4
118.6	0.8737029	0.08856245705927901	-7.50124454498291E-4
118.8	0.87350285	0.08867214221204227	-0.001499950885772705
119.0	0.8731029	0.08911447033611263	-0.0018753111362457275
119.2	0.8727527	0.08969356932630172	-0.001500248908996582
119.4	0.8725028	0.0900763499811925	-7.498264312744141E-4
119.6	0.8724528	0.09013044096925431	-9.998679161071777E-4
119.8	0.87210286	0.09025845572461934	-0.001499950885772705
120.0	0.8718528	0.09047141190563347	-8.749961853027344E-4
120.2	0.87175286	0.0905783435071733	-4.999339580535889E-4
120.4	0.87165284	0.09071260285678744	-6.251037120819092E-4
120.6	0.8715028	0.09084464146808918	-5.000829696655273E-4
120.8	0.8714528	0.09084270097818009	-8.751451969146729E-4
121.0	0.87115276	0.09099547420616319	-0.0012502074241638184
121.2	0.8709527	0.09104172850344482	-0.0010000169277191162
121.4	0.87075275	0.0913068255958364	-0.0010000169277191162
121.6	0.8705527	0.09143410963373783	-5.000829696655273E-4
121.8	0.8705527	0.09143410963373783	-1.2487173080444336E-4
122.0	0.87050277	0.0914043155694541	-7.499754428863525E-4
122.2	0.8702527	0.09139166453020792	-0.0010003149509429932
122.4	0.87010264	0.09162962868655851	-0.0011251866817474365
122.6	0.86980265	0.09169492306532055	-0.0013749301433563232
122.8	0.8695527	0.09176217310029079	-0.0012499094009399414
123.0	0.8693027	0.09185591387779155	-8.749961853027344E-4
123.2	0.8692027	0.09187686821479792	-7.498264312744141E-4
123.4	0.86900276	0.09202716401563535	-9.998679161071777E-4
123.6	0.8688027	0.09220389862855571	-8.749961853027344E-4
123.8	0.86865276	0.09241036957228105	-9.998679161071777E-4
124.0	0.8684028	0.09266303965217	-0.0013750791549682617
124.2	0.8681027	0.09285681934072565	-0.0011251866817474365
124.4	0.8679527	0.09303384497006276	-9.998679161071777E-4
124.6	0.8677028	0.09333653562403263	-9.997189044952393E-4
124.8	0.8675528	0.09348527366215624	-0.0010000169277191162
125.0	0.8673028	0.09389200628104623	-0.0011251866817474365
125.2	0.86710274	0.09424748712840549	-8.751451969146729E-4
125.4	0.8669527	0.09434085220023294	-7.499754428863525E-4
125.6	0.86680275	0.09438092441614118	-8.751451969146729E-4
125.8	0.86660266	0.0944427807287931	-0.0010003149509429932
126.0	0.8664026	0.09463635052048718	-6.249547004699707E-4
126.2	0.8663527	0.09484290352740618	-6.251037120819092E-4
126.4	0.8661526	0.09490351103547341	-0.001125335693359375
126.6	0.86590254	0.09495887977297957	-7.502734661102295E-4
126.8	0.8658525	0.09492774276919651	-0.0017505884170532227
127.0	0.8652023	0.09544086567615287	-0.0017504394054412842
127.2	0.8651523	0.09569731680805331	-6.252527236938477E-4
127.4	0.8649522	0.09578098101384039	-0.001499950885772705
127.6	0.8645523	0.09628497513005882	-0.0012499094009399414
127.8	0.86445224	0.0963259898262739	-8.752942085266113E-4
128.0	0.8642022	0.09637613264188175	-0.0013749301433563232
128.2	0.8639023	0.09652351496752527	-0.0017496943473815918
128.4	0.8635023	0.09727666218392698	-0.0013747811317443848
128.6	0.86335236	0.09754115295945916	-6.249547004699707E-4
128.8	0.86325234	0.09750352055666844	-5.000829696655273E-4
129.0	0.8631523	0.09764515619107705	-8.748471736907959E-4
129.2	0.8629024	0.09792134013639543	-9.997189044952393E-4
129.4	0.86275244	0.09797926494376566	-0.0011248886585235596
129.6	0.86245245	0.09822167031956804	-0.0012500584125518799
129.8	0.8622524	0.09834854611906543	-0.0013750791549682617
130.0	0.8619024	0.09865793939200959	-0.001624971628189087
130.2	0.8616024	0.09882023489236784	-0.0011248886585235596
130.4	0.86145246	0.09887566093827492	-6.249547004699707E-4
130.6	0.86135244	0.09906400106066979	-5.000829696655273E-4
130.8	0.8612524	0.0991006372791315	-7.50124454498291E-4
131.0	0.8610524	0.09929952829550172	-0.0010001659393310547
131.2	0.86085236	0.0994724903071993	-0.001125037670135498
131.4	0.8606024	0.09953712290485893	-9.998679161071777E-4
131.6	0.8604524	0.09974114667611596	-3.7491321563720703E-4
131.8	0.8604524	0.09974114667611596	-7.50124454498291E-4
132.0	0.86015236	0.09992235157477515	-7.50124454498291E-4
132.2	0.86015236	0.09992235157477515	-3.750622272491455E-4
132.4	0.86000234	0.099974992006944	-7.502734661102295E-4
132.6	0.85985225	0.1000023826168344	-5.002319812774658E-4
132.8	0.85980225	0.09996978966853719	-6.251037120819092E-4
133.0	0.8596022	0.10018901550776625	-8.749961853027344E-4
133.2	0.85945225	0.10011591446382914	-0.0012499094009399414
133.4	0.85910225	0.10036029511339269	-0.0013750791549682617
133.6	0.8589022	0.1004778027409324	-0.0011248886585235596
133.8	0.8586523	0.10051207155563527	-8.746981620788574E-4
134.0	0.85855234	0.10066973899672382	-6.248056888580322E-4
134.2	0.8584024	0.10076923565780829	-6.249547004699707E-4
134.4	0.85830235	0.1008767011420932	-7.499754428863525E-4
134.6	0.8581024	0.10123926610287137	-0.001125037670135498
134.8	0.85785234	0.10139465631766112	-8.749961853027344E-4
135.0	0.8577524	0.10140234963815035	-2.498924732208252E-4
135.2	0.8577524	0.10140234963815035	-4.999339580535889E-4
135.4	0.8575524	0.10161444930836214	-0.0010000169277191162
135.6	0.8573524	0.10167829814210011	-0.001125037670135498
135.8	0.8571024	0.10192933238341019	-0.0010001659393310547
136.0	0.8569523	0.10202546877899686	-0.0012499094009399414
136.2	0.85660243	0.10206095619916256	-0.001499950885772705
136.4	0.8563523	0.10218696730672144	-8.751451969146729E-4
136.6	0.8562524	0.10236423437830122	-6.248056888580322E-4
136.8	0.8561024	0.1026293768415136	-8.746981620788574E-4
137.0	0.8559025	0.10288434771213151	-8.748471736907959E-4
137.2	0.85575247	0.10302638656189346	-0.0015000998973846436
137.4	0.85530245	0.1033049313415232	-0.001624971628189087
137.6	0.8551025	0.10346008423282678	-6.249547004699707E-4
137.8	0.8550525	0.10347461692225703	-6.249547004699707E-4
138.0	0.8548525	0.10348418494676304	-0.001125037670135498
138.2	0.85460246	0.1036766069679621	-0.001500248908996582
138.4	0.8542524	0.10413662397117544	-0.0013752281665802002
138.6	0.85405236	0.10440831605310147	-8.749961853027344E-4
138.8	0.8539024	0.10454563102260865	-0.0012500584125518799
139.0	0.85355234	0.10457005446130746	-0.001125037670135498
139.2	0.8534524	0.10478834133719032	-7.499754428863525E-4
139.4	0.85325235	0.10498541085982613	-7.50124454498291E-4
139.6	0.85315233	0.10498845885927548	-8.751451969146729E-4
139.8	0.8529023	0.10507896468547459	-0.0011251866817474365
140.0	0.85270226	0.10532192946311665	-0.0010000169277191162
140.2	0.8525023	0.10551658169753468	-6.251037120819092E-4
140.4	0.8524522	0.10548220945906384	-6.251037120819092E-4
140.6	0.85225224	0.10560509617947679	-0.0012499094009399414
140.8	0.85195225	0.10582389394187486	-0.0014998018741607666
141.0	0.8516523	0.10580537097622703	-0.0012496113777160645
141.2	0.8514524	0.10590276920768447	-0.001125037670135498
141.4	0.8512023	0.10603564972008589	-8.754432201385498E-4
141.6	0.85110223	0.1061545515192333	-0.0012502074241638184
141.8	0.8507022	0.10629914861571202	-0.0021252036094665527
142.0	0.85025215	0.10657127333698319	-0.0013752281665802002
142.2	0.85015213	0.10664181313144891	-0.0011251866817474365
142.4	0.8498021	0.1070278415589239	-0.0016252696514129639
142.6	0.849502	0.10733009308855923	-0.0013749301433563232
142.8	0.8492521	0.10780508511004021	-0.001500248908996582
143.0	0.8489019	0.10811470223596974	-0.0015006959438323975
143.2	0.8486518	0.10828516204517452	-0.001499950885772705
143.4	0.84830195	0.10840714379072992	-0.0013747811317443848
143.6	0.8481019	0.10840382292877002	-0.001125037670135498
143.8	0.84785193	0.10847984283702733	-0.0010000169277191162
144.0	0.8477019	0.1085343669309932	-8.749961853027344E-4
144.2	0.84750193	0.1085990276523882	-8.749961853027344E-4
144.4	0.8473519	0.10872201381432901	-8.749961853027344E-4
144.6	0.84715194	0.10896961169802598	-0.0012499094009399414
144.8	0.84685194	0.10916765221623793	-0.0011248886585235596
145.0	0.846702	0.10931197920334525	-0.0010000169277191162
145.2	0.84645194	0.10940702117661857	-0.0012500584125518799
145.4	0.84620196	0.10945573893885292	-0.0012499094009399414
145.6	0.845952	0.10950386416561264	-0.0012499094009399414
145.8	0.845702	0.10955139787835563	-0.0013749301433563232
146.0	0.845402	0.10983550777125027	-0.0013752281665802002
146.2	0.8451519	0.11004079368853929	-0.0010003149509429932
146.4	0.8450019	0.11018166250802008	-7.499754428863525E-4
146.6	0.8448519	0.1103674601740468	-0.0015000998973846436
146.8	0.84440184	0.11058317572930905	-0.001624971628189087
147.0	0.8442019	0.11059547349689744	-7.498264312744141E-4
147.2	0.8441019	0.11070315593925178	-0.0012500584125518799
147.4	0.8437019	0.11097436063946187	-0.0012499094009399414
147.6	0.84360194	0.11092357153258102	-7.50124454498291E-4
147.8	0.84340185	0.11093438917429345	-7.50124454498291E-4
148.0	0.8433019	0.11101850613886052	-3.7491321563720703E-4
148.2	0.8432519	0.11102673643554346	-4.999339580535889E-4
148.4	0.8431019	0.11116379226317803	-9.997189044952393E-4
148.6	0.842852	0.11140635619729487	-8.746981620788574E-4
148.8	0.84275204	0.11160168552012859	-5.000829696655273E-4
149.0	0.84265196	0.1116399400281589	-6.251037120819092E-4
149.2	0.842502	0.1116635513956513	-4.997849464416504E-4
149.4	0.84245205	0.1117161412397255	-6.249547004699707E-4
149.6	0.842252	0.11199301866821477	-0.0012503564357757568
149.8	0.8419519	0.11215032875158855	-0.0010003149509429932
150.0	0.8418519	0.11209851132465619	-7.50124454498291E-4
150.2	0.84165186	0.11228435430563367	-0.0010000169277191162
150.4	0.8414519	0.11235833847791662	-4.999339580535889E-4
150.6	0.8414519	0.11235833847791662	-4.997849464416504E-4
150.8	0.84125197	0.11256525324336403	-8.748471736907959E-4
151.0	0.84110194	0.11274213387187737	-7.499754428863525E-4
151.2	0.840952	0.11285209902453387	-0.0011248886585235596
151.4	0.840652	0.1130489994129435	-0.0014998018741607666
151.6	0.84035206	0.11311222869437115	-0.001249760389328003
151.8	0.8401521	0.1132937609098875	-0.0012500584125518799
152.0	0.83985204	0.11326727801561629	-0.0020000338554382324
152.2	0.8393521	0.11328758219570183	-0.001500248908996582
152.4	0.83925194	0.11323398907394154	-7.502734661102295E-4
152.6	0.83905196	0.11323690333969068	-0.001499950885772705
152.8	0.83865196	0.11348425544414309	-0.0011248886585235596
153.0	0.838602	0.1135343064313241	-3.750622272491455E-4
153.2	0.83850193	0.113744225120873	-7.499754428863525E-4
153.4	0.838302	0.11411883594152632	-7.50124454498291E-4
153.6	0.8382019	0.11406471285458188	-5.002319812774658E-4
153.8	0.8381019	0.11427330705135573	-7.498264312744141E-4
154.0	0.83790195	0.11438351591313516	-6.248056888580322E-4
154.2	0.837852	0.11436728647660284	-8.749961853027344E-4
154.4	0.83755195	0.11455346453831972	-0.0013750791549682617
154.6	0.83730197	0.11451510267547482	-9.998679161071777E-4
154.8	0.837152	0.11450928450966553	-0.0013749301433563232
155.0	0.836752	0.11481261355725592	-0.0017499923706054688
155.2	0.836452	0.11503867277069094	-0.001125037670135498
155.4	0.836302	0.11518380409012244	-8.751451969146729E-4
155.6	0.83610195	0.11529002009108213	-8.749961853027344E-4
155.8	0.835952	0.11530436346078694	-4.999339580535889E-4
156.0	0.835902	0.11528741794510408	-3.750622272491455E-4
156.2	0.83580196	0.11555673391158879	-0.001125037670135498
156.4	0.83545196	0.1158913122998204	-0.0016251206398010254
156.6	0.8351519	0.11598265510562175	-0.0012503564357757568
156.8	0.8349518	0.11608615890265954	-0.0010000169277191162
157.0	0.8347519	0.1161892261393035	-8.748471736907959E-4
157.2	0.8346019	0.1164166601353214	-8.751451969146729E-4
157.4	0.83440185	0.11654028818008984	-0.0010000169277191162
157.6	0.8342019	0.11681335007348274	-8.749961853027344E-4
157.8	0.83405185	0.11688924782347117	-8.751451969146729E-4
158.0	0.8338518	0.11692594348233457	-0.001125335693359375
158.2	0.8336017	0.11724350182851405	-0.0013752281665802002
158.4	0.8333017	0.11745683773621897	-0.0014998018741607666
158.6	0.8330018	0.11769026611203147	-0.0010000169277191162
158.8	0.8329017	0.11769702091968155	-7.499754428863525E-4
159.0	0.8327018	0.1178800608542781	-0.0017501413822174072
159.2	0.83220166	0.1182292635143971	-0.0016255676746368408
159.4	0.8320516	0.11817485456693785	-0.0011251866817474365
159.6	0.8317516	0.11838258429264252	-0.001499950885772705
159.8	0.8314516	0.11856810807153541	-0.001125037670135498
160.0	0.83130157	0.11878682067378137	-8.751451969146729E-4
160.2	0.83110154	0.11886037502704404	-0.0012502074241638184
160.4	0.8308015	0.11893846631429315	-0.0013750791549682617
160.6	0.8305515	0.11897140948987184	-8.749961853027344E-4
160.8	0.8304515	0.11910204146172272	-7.499754428863525E-4
161.0	0.8302515	0.11929977492145263	-9.998679161071777E-4
161.2	0.83005154	0.11947592352251077	-0.001125037670135498
161.4	0.8298015	0.11961170014555186	-0.001500248908996582
161.6	0.82945144	0.11989660672240927	-0.002000182867050171
161.8	0.8290014	0.1200791355915309	-0.0020000338554382324
162.0	0.8286514	0.12044366452711153	-0.0012502074241638184
162.2	0.82850134	0.12036506483114441	-0.001125037670135498
162.4	0.8282014	0.120767374852901	-0.0014996528625488281
162.6	0.8279015	0.12110569280729308	-8.749961853027344E-4
162.8	0.8278514	0.12108623511489862	-2.5019049644470215E-4
163.0	0.8278014	0.12114932455189271	-8.751451969146729E-4
163.2	0.82750136	0.12136205673018069	-0.0017501413822174072
163.4	0.82710135	0.12167821818920942	-0.001499950885772705
163.6	0.8269014	0.12188678669313008	-0.0011248886585235596
163.8	0.8266514	0.122115831455053	-0.0013750791549682617
164.0	0.82635134	0.12211951645909311	-0.0016252696514129639
164.2	0.8260013	0.12236829159254504	-0.001125037670135498
164.4	0.8259013	0.12243034253122005	-0.0012499094009399414
164.6	0.8255013	0.12257548182781515	-0.0013750791549682617
164.8	0.8253513	0.12263717321902914	-7.499754428863525E-4
165.0	0.82520133	0.12261712262804965	-8.749961853027344E-4
165.2	0.8250013	0.12300405979300066	-0.0012503564357757568
165.4	0.8247012	0.1231661833223933	-0.0011251866817474365
165.6	0.8245512	0.12334827207390305	-0.0011248886585235596
165.8	0.82425123	0.1235088508177165	-0.001624971628189087
166.0	0.82390124	0.1236276211916099	-0.0018750131130218506
166.2	0.8235012	0.12368406805764681	-0.0017498433589935303
166.4	0.8232013	0.12412396510535535	-0.0012499094009399414
166.6	0.82300127	0.12416118040239753	-0.0013747811317443848
166.8	0.8226514	0.12443663544587596	-0.0013749301433563232
167.0	0.8224513	0.12437240951939299	-0.0012502074241638184
167.2	0.8221513	0.1245065308988054	-9.998679161071777E-4
167.4	0.82205135	0.12454435449711676	-8.751451969146729E-4
167.6	0.82180125	0.12445785928546188	-0.0015000998973846436
167.8	0.8214513	0.1247092467423844	-0.001499950885772705
168.0	0.82120126	0.12482210829393675	-0.0015000998973846436
168.2	0.82085127	0.12507108462239816	-0.0013750791549682617
168.4	0.82065123	0.12516419705660148	-0.0011248886585235596
168.6	0.8204013	0.12533490618924986	-0.001124739646911621
168.8	0.82020134	0.12534735227494298	-0.0012500584125518799
169.0	0.8199013	0.12563434519520617	-0.0012500584125518799
169.2	0.8197013	0.12606311402888076	-9.998679161071777E-4
169.4	0.81950134	0.12621310840317157	-0.0014998018741607666
169.6	0.8191014	0.12659063440683616	-0.001624971628189087
169.8	0.81885135	0.12669718318338993	-0.0013752281665802002
170.0	0.8185513	0.12687945555144928	-0.001500248908996582
170.2	0.81825125	0.12713943610870315	-0.0013750791549682617
170.4	0.8180013	0.1273616846851594	-0.0012499094009399414
170.6	0.8177513	0.12736732796555666	-0.002000182867050171
170.8	0.8172012	0.1276485751375791	-0.002375394105911255
171.0	0.81680113	0.12783879975646895	-0.0015000998973846436
171.2	0.81660116	0.1279626458582316	-8.748471736907959E-4
171.4	0.8164512	0.12818695809367864	-7.498264312744141E-4
171.6	0.8163012	0.1282548585209586	-4.999339580535889E-4
171.8	0.8162512	0.12825145703650223	-6.252527236938477E-4
172.0	0.8160511	0.12841299084806929	-7.50124454498291E-4
172.2	0.81595117	0.12842545003450465	-4.999339580535889E-4
172.4	0.81585115	0.12843783015310084	-6.251037120819092E-4
172.6	0.8157011	0.1285438006916039	-0.0010003149509429932
172.8	0.815451	0.12868098623364435	-0.0012502074241638184
173.0	0.81520104	0.12872046740234563	-0.001125037670135498
173.2	0.815001	0.12878275792550128	-9.998679161071777E-4
173.4	0.8148011	0.1288641095361919	-0.0011245906352996826
173.6	0.8145512	0.12913479860845675	-8.748471736907959E-4
173.8	0.81445116	0.1292234352546889	-7.498264312744141E-4
174.0	0.81425124	0.12947755110013687	-8.748471736907959E-4
174.2	0.8141012	0.1295229275048705	-0.001125037670135498
174.4	0.8138012	0.12972878916792208	-0.0013750791549682617
174.6	0.8135512	0.13009187614070228	-0.0011251866817474365
174.8	0.81335115	0.13022778603824992	-8.749961853027344E-4
175.0	0.8132012	0.13031024044942266	-0.001125037670135498
175.2	0.81290114	0.1305893899571373	-0.0017501413822174072
175.4	0.81250113	0.13076218404915918	-0.0018748641014099121
175.6	0.8121512	0.13109109925993434	-0.0017501413822174072
175.8	0.8118011	0.13157035690757649	-0.0013753771781921387
176.0	0.81160104	0.13162613280834906	-0.0011251866817474365
176.2	0.811351	0.13180924230597532	-0.0010001659393310547
176.4	0.811201	0.13190738743007294	-9.998679161071777E-4
176.6	0.81095105	0.13186203537020386	-0.0011248886585235596
176.8	0.810751	0.13191639919596201	-0.001125037670135498
177.0	0.81050104	0.13200283656431755	-8.748471736907959E-4
177.2	0.8104011	0.1320675541758394	-0.0012503564357757568
177.4	0.8100009	0.13249527868675048	-0.0020003318786621094
177.6	0.80960095	0.13273220745599132	-0.0012500584125518799
177.8	0.8095009	0.13288998797427232	-0.0011251866817474365
178.0	0.8091509	0.13284869747089892	-0.0013750791549682617
178.2	0.80895084	0.13303156178316228	-9.998679161071777E-4
178.4	0.8087509	0.1330636555498106	-9.998679161071777E-4
178.6	0.8085509	0.13303907853967628	-0.0013749301433563232
178.8	0.80820096	0.13327700080198576	-0.0011248886585235596
179.0	0.80810094	0.1333581229429051	-0.001125037670135498
179.2	0.80775094	0.13383735072228375	-0.0013753771781921387
179.4	0.8075508	0.13396080180076003	-0.0015000998973846436
179.6	0.8071509	0.13394542322594674	-0.0018747150897979736
179.8	0.8068009	0.13406624820519056	-0.001500248908996582
180.0	0.8065508	0.13419983763847387	-8.752942085266113E-4
180.2	0.8064508	0.13424193243721977	-0.001125037670135498
180.4	0.8061008	0.13447226081930128	-0.0017499923706054688
180.6	0.8057508	0.13477550391091977	-0.0014998018741607666
180.8	0.80550086	0.13507312445060649	-0.0013747811317443848
181.0	0.8052009	0.13517750907075696	-0.0012500584125518799
181.2	0.80500084	0.1353329190254007	-0.0015000998973846436
181.4	0.80460083	0.13599205489383387	-0.001125037670135498
181.6	0.8045508	0.13598454504744548	-7.50124454498291E-4
181.8	0.8043008	0.1360202520598889	-0.0017499923706054688
182.0	0.8038508	0.1364466067754789	-0.001999884843826294
182.2	0.80350083	0.13653845242016285	-0.001624971628189087
182.4	0.80320084	0.13671049330104582	-0.001624971628189087
182.6	0.80285084	0.1369283626235225	-0.0013749301433563232
182.8	0.80265087	0.13711482962578972	-0.0013749301433563232
183.0	0.8023009	0.13729424245211835	-0.001500248908996582
183.2	0.80205077	0.1373983133895989	-0.0012502074241638184
183.4	0.8018008	0.13766538781373167	-0.0012499094009399414
183.6	0.8015508	0.13802208709709227	-0.0011251866817474365
183.8	0.8013507	0.13806040905788852	-8.751451969146729E-4
184.0	0.80120075	0.1382517957617474	-8.749961853027344E-4
184.2	0.8010007	0.1384882632023844	-0.0013750791549682617
184.4	0.8006507	0.13876986902072438	-0.0013749301433563232
184.6	0.80045074	0.13904062910674655	-0.001624971628189087
184.8	0.8000007	0.13928387929676944	-0.001500248908996582
185.0	0.79985064	0.13940041799465436	-8.752942085266113E-4
185.2	0.7996506	0.13948970044905892	-0.0019997358322143555
185.4	0.79905075	0.13993425793645733	-0.001999586820602417
185.6	0.7988508	0.13996848415010674	-0.0011248886585235596
185.8	0.7986008	0.14020712901593327	-0.0015000998973846436
186.0	0.79825073	0.140479309992474	-0.001499950885772705
186.2	0.7980008	0.1408048260437644	-0.001249760389328003
186.4	0.79775083	0.14079217504199104	-0.0011248886585235596
186.6	0.79755086	0.14100176079149937	-0.001499950885772705
186.8	0.79715085	0.1412422618085926	-0.0011248886585235596
187.0	0.7971009	0.1413562486378042	-0.001125037670135498
187.2	0.79670084	0.14171841460429277	-0.0015000998973846436
187.4	0.79650086	0.14173125637771747	-0.001125037670135498
187.6	0.7962508	0.14190995920825958	-0.0015000998973846436
187.8	0.7959008	0.1424015064164457	-0.0021252036094665527
188.0	0.79540074	0.14294697971383385	-0.0016252696514129639
188.2	0.7952507	0.1430557112463891	-0.001125037670135498
188.4	0.7949507	0.14339454842359456	-0.001125037670135498
188.6	0.7948007	0.1436939769669095	-0.0013752281665802002
188.8	0.79440063	0.14381807620195833	-0.0020000338554382324
189.0	0.7940007	0.14409718598615417	-0.0012499094009399414
189.2	0.79390067	0.14428371002879742	-0.0011248886585235596
189.4	0.7935507	0.14467514120806044	-0.0016248226165771484
189.6	0.79325074	0.14471329062582547	-0.0010000169277191162
189.8	0.7931507	0.1447604106369098	-6.251037120819092E-4
190.0	0.7930007	0.14484819285425965	-0.0011251866817474365
190.2	0.79270065	0.14517819720215763	-0.002000182867050171
190.4	0.7922006	0.1454618814846469	-0.001875162124633789
190.6	0.7919506	0.14569727680968014	-0.0011251866817474365
190.8	0.79175055	0.14580616058377868	-0.0010000169277191162
191.0	0.7915506	0.14588041839065344	-8.748471736907959E-4
191.2	0.7914006	0.1460001334030694	-6.249547004699707E-4
191.4	0.7913006	0.14607980338322313	-0.0010000169277191162
191.6	0.7910006	0.14623268768640127	-0.0013749301433563232
191.8	0.7907506	0.1464477260330788	-0.001125037670135498
192.0	0.7905506	0.14652029372332992	-0.0011248886585235596
192.2	0.79030067	0.14670006465800692	-0.0012500584125518799
192.4	0.79005057	0.1468962098341212	-8.752942085266113E-4
192.6	0.78995055	0.14688940218234953	-0.0011251866817474365
192.8	0.7896005	0.14736634283172073	-0.0016252696514129639
193.0	0.78930044	0.14766688523200824	-0.0016252696514129639
193.2	0.7889504	0.14792023685172975	-0.0019997358322143555
193.4	0.78850055	0.14843432542469348	-0.0018747150897979736
193.6	0.7882005	0.14857913370383385	-0.0017501413822174072
193.8	0.7878005	0.14873183574016127	-0.0017499923706054688
194.0	0.7875005	0.14885815053755208	-0.0012500584125518799
194.2	0.78730047	0.1490090902468296	-9.998679161071777E-4
194.4	0.78710055	0.14936060029098785	-0.0012500584125518799
194.6	0.78680044	0.14956857585457256	-0.0013753771781921387
194.8	0.7865504	0.14972172984872123	-0.0012499094009399414
195.0	0.7863005	0.14989098998888753	-0.0011248886585235596
195.2	0.78610045	0.15007261202618766	-0.0013747811317443848
195.4	0.78575057	0.1502146343456798	-0.00162467360496521
195.6	0.7854506	0.15071760476419446	-0.0013753771781921387
195.8	0.7852004	0.150701555723141	-0.001500248908996582
196.0	0.7848505	0.15070824924857368	-0.001999884843826294
196.2	0.78440046	0.15096899979546138	-0.0016252696514129639
196.4	0.7842004	0.1510309865957062	-0.001125037670135498
196.6	0.78395045	0.15121142953303057	-0.0013749301433563232
196.8	0.7836504	0.15132804240609904	-0.0016254186630249023
197.0	0.7833003	0.1516446798332709	-0.0016251206398010254
197.2	0.78300035	0.15166080222795145	-0.0012496113777160645
197.4	0.78280044	0.15180302678274257	-0.0010000169277191162
197.6	0.78260034	0.1519613074127223	-0.0012500584125518799
197.8	0.7823004	0.15214042515075543	-0.0011248886585235596
198.0	0.7821504	0.15219683455197866	-0.0013750791549682617
198.2	0.7817504	0.15236284472398942	-0.0012500584125518799
198.4	0.78165036	0.1524492585794366	-0.0011248886585235596
198.6	0.7813004	0.1528080787660752	-0.0012499094009399414
198.8	0.7811504	0.1529123161062185	-0.0015000998973846436
199.0	0.7807004	0.15335419430592648	-0.001875162124633789
199.2	0.78040034	0.15349540354770946	-0.0010000169277191162
199.4	0.7803004	0.15358030119453958	-9.998679161071777E-4
199.6	0.7800004	0.15367172453999695	-0.0012499094009399414
199.8	0.7798004	0.15379193382556544	-0.0021252036094665527
200.0	0.7791503	0.15415179672892632	-0.0023752450942993164
200.2	0.7788503	0.1541433632011292	-0.0015000998973846436
200.4	0.77855027	0.15432885798797613	-0.001125037670135498
200.6	0.7784003	0.15455885253133955	-0.0010000169277191162
200.8	0.77815026	0.15469349173189437	-0.0013752281665802002
201.0	0.7778502	0.1548931127588505	-0.0010000169277191162
201.2	0.77775025	0.15487877961926888	-8.748471736907959E-4
201.4	0.7775003	0.1551249459307028	-9.997189044952393E-4
201.6	0.77735037	0.15525616370920323	-0.0013749301433563232
201.8	0.7769503	0.15579215765667392	-0.0017502903938293457
202.0	0.77665025	0.15576352715840797	-0.001125037670135498
202.2	0.7765003	0.1558613129801489	-7.498264312744141E-4
202.4	0.7763503	0.15584664383314123	-0.0017498433589935303
202.6	0.77580035	0.15629894077318446	-0.0020000338554382324
202.8	0.7755503	0.1563320069488261	-0.001125037670135498
203.0	0.77535033	0.15626860334065554	-8.748471736907959E-4
203.2	0.77520037	0.15642876625342753	-8.749961853027344E-4
203.4	0.77500033	0.1565886295535968	-8.749961853027344E-4
203.6	0.77485037	0.1567321805268735	-0.0010001659393310547
203.8	0.77460027	0.1569230349712693	-0.0016251206398010254
204.0	0.7742003	0.15731928974312723	-0.0016248226165771484
204.2	0.77395034	0.15736548680546794	-0.001124739646911621
204.4	0.7737504	0.15768143975085155	-7.498264312744141E-4
204.6	0.7736504	0.1576806153442316	-0.0010000169277191162
204.8	0.7733504	0.1580736423229031	-0.0013750791549682617
205.0	0.7731004	0.1582447122638951	-0.0013750791549682617
205.2	0.7728004	0.1581776181589246	-0.001125037670135498
205.4	0.77265036	0.15836501026073443	-7.498264312744141E-4
205.6	0.77250046	0.15853626990618735	-8.746981620788574E-4
205.8	0.7723005	0.15856452614459307	-7.498264312744141E-4
206.0	0.7722005	0.1585470241703628	-7.499754428863525E-4
206.2	0.7720005	0.15862218905726289	-0.0010000169277191162
206.4	0.7718005	0.15866555680772007	-0.001125037670135498
206.6	0.7715505	0.1588178086146322	-0.0011251866817474365
206.8	0.77135044	0.15892349203317493	-0.0013749301433563232
207.0	0.7710005	0.15896225627500865	-0.001125037670135498
207.2	0.7709004	0.1590068830611044	-8.749961853027344E-4
207.4	0.7706505	0.15917310207060772	-8.748471736907959E-4
207.6	0.7705505	0.1592488506300161	-0.0010000169277191162
207.8	0.7702505	0.1594911795033232	-0.001499950885772705
208.0	0.7699505	0.1596073194472104	-9.998679161071777E-4
208.2	0.76985055	0.15961978683069394	-0.0011251866817474365
208.4	0.76950043	0.15952977426244164	-0.0012502074241638184
208.6	0.76935047	0.15955587227786514	-6.248056888580322E-4
208.8	0.7692505	0.15959929967756895	-3.750622272491455E-4
209.0	0.76920044	0.1595974904458028	-7.498264312744141E-4
209.2	0.7689506	0.1599168423069393	-0.001249760389328003
209.4	0.76870054	0.15996971233465015	-0.0012500584125518799
209.6	0.76845056	0.16013149719153205	-0.0010000169277191162
209.8	0.76830053	0.16012529145547566	-0.0010000169277191162
210.0	0.76805055	0.1602394972685307	-0.0012499094009399414
210.2	0.76780057	0.16052463675270615	-0.0010000169277191162
210.4	0.76765054	0.1606579485228445	-0.001124739646911621
210.6	0.7673507	0.16076839384614114	-8.746981620788574E-4
210.8	0.76730067	0.16071934819465497	-6.249547004699707E-4
211.0	0.7671007	0.1608184969477035	-0.0012499094009399414
211.2	0.7668007	0.16085011310018732	-0.0013749301433563232
211.4	0.7665507	0.16088379777561648	-9.998679161071777E-4
211.6	0.76640075	0.16104669788028464	-0.0011248886585235596
211.8	0.76610076	0.16112352090867893	-9.998679161071777E-4
212.0	0.7660008	0.16122654534966344	-8.749961853027344E-4
212.2	0.76575077	0.1613054137592818	-0.0013749301433563232
212.4	0.76545084	0.16153574371506943	-0.00162467360496521
212.6	0.7651009	0.16190117018882683	-0.0013750791549682617
212.8	0.7649008	0.16210487020415976	-8.752942085266113E-4
213.0	0.7647508	0.16209545448282436	-0.0010000169277191162
213.2	0.7645008	0.1622952521516903	-0.001499950885772705
213.4	0.7641508	0.16247238650603316	-0.0013747811317443848
213.6	0.7639509	0.16273566411922347	-0.0013746321201324463
213.8	0.76360095	0.16301852329376063	-0.0013750791549682617
214.0	0.76340085	0.1631423882785125	-0.001125037670135498
214.2	0.76315093	0.16344594350245034	-0.001124739646911621
214.4	0.76295096	0.16361478050638142	-7.50124454498291E-4
214.6	0.7628509	0.16377538424696886	-7.499754428863525E-4
214.8	0.76265097	0.1639587645676316	-0.001249760389328003
215.0	0.762351	0.16422538297432446	-0.0021249055862426758
215.2	0.761801	0.1646382671743144	-0.0022499263286590576
215.4	0.761451	0.16477680822157284	-0.001125037670135498
215.6	0.761351	0.16487472982887935	-8.749961853027344E-4
215.8	0.761101	0.1649448060459634	-0.001499950885772705
216.0	0.760751	0.16542955157095812	-0.0017498433589935303
216.2	0.76040107	0.16577647299544399	-0.0019997358322143555
216.4	0.7599511	0.1657814724144288	-0.0016248226165771484
216.6	0.75975114	0.1658084332097658	-0.001499950885772705
216.8	0.75935113	0.16590683105091325	-0.0016254186630249023
217.0	0.759101	0.16591319716709232	-0.0017502903938293457
217.2	0.758651	0.1662307929690231	-0.001999884843826294
217.4	0.758301	0.16651158834181126	-8.749961853027344E-4
217.6	0.758301	0.16651158834181126	-6.249547004699707E-4
217.8	0.75805104	0.16665142225369772	-0.0012500584125518799
218.0	0.757801	0.16673079790905698	-8.749961853027344E-4
218.2	0.75770104	0.16687033605895096	-7.498264312744141E-4
218.4	0.75750107	0.16716383859263606	-0.0015000998973846436
218.6	0.757101	0.1672859496066285	-0.002750307321548462
218.8	0.75640094	0.1677320454498577	-0.0025001168251037598
219.0	0.75610095	0.16786241072147837	-0.001499950885772705
219.2	0.75580096	0.16821521650161841	-0.0015000998973846436
219.4	0.7555009	0.16841837512576957	-0.002000182867050171
219.6	0.7550009	0.1687453670913589	-0.0012500584125518799
219.8	0.7550009	0.1687453670913589	-1.2487173080444336E-4
220.0	0.75495094	0.16879868606487095	-0.001124739646911621
220.2	0.754551	0.16909108917477067	-0.0017498433589935303
220.4	0.754251	0.1691875781431822	-8.749961853027344E-4
220.6	0.754201	0.1691371010494747	-7.498264312744141E-4
220.8	0.7539511	0.1694606048915683	-7.498264312744141E-4
221.0	0.75390106	0.16943963220731734	-5.000829696655273E-4
221.2	0.75375104	0.16949465067836123	-0.0011248886585235596
221.4	0.7534511	0.16958949441649068	-0.0014998018741607666
221.6	0.7531511	0.16963954872210543	-0.0016251206398010254
221.8	0.75280106	0.169844514481718	-0.0012500584125518799
222.0	0.7526511	0.16986899830336158	-8.748471736907959E-4
222.2	0.7524511	0.17003380977442611	-0.0012500584125518799
222.4	0.7521511	0.17002316448833366	-0.0010000169277191162
222.6	0.7520511	0.17015668254742577	-7.499754428863525E-4
222.8	0.7518511	0.17029115252240126	-0.0013749301433563232
223.0	0.75150114	0.17053665002348994	-0.0016248226165771484
223.2	0.75120115	0.17067090892478484	-0.0017498433589935303
223.4	0.7508012	0.17090745784856454	-0.0013749301433563232
223.6	0.7506512	0.17085688895105483	-6.251037120819092E-4
223.8	0.75055116	0.1708279734200881	-0.0012503564357757568
224.0	0.75015104	0.1712234698425748	-0.0013753771781921387
224.2	0.750001	0.17136218659583188	-0.001125335693359375
224.4	0.7497009	0.17139109998229377	-0.001624971628189087
224.6	0.749351	0.17184899381803362	-0.001499950885772705
224.8	0.7491009	0.17191331871049328	-0.001125037670135498
225.0	0.748901	0.1719848515633895	-7.496774196624756E-4
225.2	0.74880105	0.17214400668751334	-0.0010001659393310547
225.4	0.74850094	0.1723448552292471	-0.0013753771781921387
225.6	0.7482509	0.1725237275293693	-0.0011248886585235596
225.8	0.748051	0.17259402239298627	-0.0011251866817474365
226.0	0.7478008	0.17277198592691578	-8.752942085266113E-4
226.2	0.74770087	0.17285748192597886	-0.0013747811317443848
226.4	0.7472509	0.17295934954422182	-0.0017498433589935303
226.6	0.74700093	0.17290459537242828	-0.001499950885772705
226.8	0.74665093	0.1729632232632689	-0.001624971628189087
227.0	0.74635094	0.17297160614188803	-0.0011248886585235596
227.2	0.746201	0.17317782492926967	-0.0011248886585235596
227.4	0.745901	0.1735027062011822	-0.001249760389328003
227.6	0.7457011	0.17356989676176557	-0.0010000169277191162
227.8	0.745501	0.17355042223865183	-0.0012502074241638184
228.0	0.745201	0.1736287968174418	-0.0012499094009399414
228.2	0.745001	0.17369513256785402	-0.0012499094009399414
228.4	0.744701	0.173686237439682	-0.001875162124633789
228.6	0.74425095	0.17380862056301283	-0.0020000338554382324
228.8	0.743901	0.17407696302777625	-0.001499950885772705
229.0	0.743651	0.1742474577506128	-0.0015000998973846436
229.2	0.743301	0.1743419313226914	-0.0017499923706054688
229.4	0.742951	0.17429227321918797	-0.0014998018741607666
229.6	0.74270105	0.1744898535607215	-0.0013749301433563232
229.8	0.742401	0.17476338002241537	-0.0012502074241638184
230.0	0.742201	0.17482608215397744	-0.0013750791549682617
230.2	0.741851	0.1750316443919824	-0.001499950885772705
230.4	0.741601	0.17506981190693638	-0.0017501413822174072
230.6	0.7411509	0.1753401737211864	-0.001875162124633789
230.8	0.7408509	0.1755670143397733	-0.0011251866817474365
231.0	0.74070084	0.17566590163638374	-0.0013749301433563232
231.2	0.74030095	0.1758007648910278	-0.0013746321201324463
231.4	0.740151	0.1758564085531984	-0.0011248886585235596
231.6	0.739851	0.1760666819371121	-0.0015000998973846436
231.8	0.73955095	0.17619107942930776	-0.001125335693359375
232.0	0.73940086	0.17607566264632557	-7.502734661102295E-4
232.2	0.73925084	0.17605946837267153	-0.0012500584125518799
232.4	0.73890084	0.17622936451621446	-0.0018753111362457275
232.6	0.7385007	0.1764872487338864	-0.0017505884170532227
232.8	0.7382006	0.17659490055353602	-0.0012500584125518799
233.0	0.7380007	0.1767936619758768	-0.0013749301433563232
233.2	0.73765063	0.17687559613211049	-0.0016251206398010254
233.4	0.73735064	0.17684025681953805	-0.0013747811317443848
233.6	0.7371007	0.1770694467919688	-0.0011248886585235596
233.8	0.7369007	0.17715357456093414	-0.0017504394054412842
234.0	0.73640054	0.17745432917474763	-0.0021250545978546143
234.2	0.73605067	0.17780015861391757	-0.0021250545978546143
234.4	0.7355505	0.1780553187004657	-0.001875162124633789
234.6	0.7353006	0.17844861685140218	-0.0018750131130218506
234.8	0.7348005	0.1786727703545357	-0.002250075340270996
235.0	0.7344006	0.1789878175854878	-0.001125037670135498
235.2	0.7343505	0.17908818038161473	-5.002319812774658E-4
235.4	0.7342005	0.17897027406256572	-0.0011248886585235596
235.6	0.73390055	0.17892956433377258	-0.0011248886585235596
235.8	0.7337505	0.1789928388206771	-0.001125037670135498
236.0	0.73345053	0.17906310761784106	-0.001249760389328003
236.2	0.7332506	0.17921198761402365	-0.0013749301433563232
236.4	0.73290056	0.1793811273121523	-0.0013750791549682617
236.6	0.7327006	0.17943162763438142	-0.0016248226165771484
236.8	0.73225063	0.17971487516450738	-0.0017498433589935303
237.0	0.73200065	0.1799749951020258	-0.001624971628189087
237.2	0.73160064	0.18022607748798403	-0.0017499923706054688
237.4	0.73130065	0.1804586070884748	-0.0012500584125518799
237.6	0.7311006	0.18038234076655985	-0.001499950885772705
237.8	0.7307007	0.18061702266569007	-0.0017498433589935303
238.0	0.7304007	0.18088902403765503	-0.001249760389328003
238.2	0.73020077	0.1809363396912381	-0.0018750131130218506
238.4	0.7296507	0.18092367553280697	-0.0017501413822174072
238.6	0.7295007	0.1809827309107904	-6.248056888580322E-4
238.8	0.72940075	0.18091611045250272	-7.499754428863525E-4
239.0	0.7292007	0.18101756544331774	-0.0013750791549682617
239.2	0.7288507	0.18135649010869145	-0.0015000998973846436
239.4	0.7286007	0.18126510666222828	-8.749961853027344E-4
239.6	0.7285007	0.1812256853350434	-0.001124739646911621
239.8	0.7281508	0.18152155892297359	-0.001499950885772705
240.0	0.72790074	0.18156703720823159	-0.0012500584125518799
240.2	0.72765076	0.18162592471129782	-0.001875162124633789
240.4	0.7271507	0.18163253164896417	-0.0024999678134918213
240.6	0.7266508	0.18188533844902802	-0.002624988555908203
240.8	0.7261007	0.18212300527623893	-0.0018753111362457275
241.0	0.72590065	0.18216527945855304	-0.0011251866817474365
241.2	0.7256506	0.1823172409510597	-0.0012503564357757568
241.4	0.7254005	0.1825235296286471	-0.0021255016326904297
241.6	0.7248004	0.18287962935075128	-0.0018753111362457275
241.8	0.7246504	0.18286573358927244	-0.0012499094009399414
242.0	0.72430044	0.18301505078134195	-0.001125037670135498
242.2	0.72420037	0.18311023735303117	-0.001624971628189087
242.4	0.72365046	0.1835433915077725	-0.002249777317047119
242.6	0.72330046	0.183526862025238	-0.0021249055862426758
242.8	0.7228005	0.1836168813862111	-0.0018750131130218506
243.0	0.72255045	0.18374982004574195	-0.0013750791549682617
243.2	0.72225046	0.18400390382085402	-0.0014996528625488281
243.4	0.7219506	0.18410783889809473	-0.0013746321201324463
243.6	0.7217006	0.18422570081520057	-0.0012499094009399414
243.8	0.7214506	0.18423462309051172	-0.0014998018741607666
244.0	0.7211007	0.1842546854744149	-0.0017498433589935303
244.2	0.7207507	0.18466709673078177	-0.0017499923706054688
244.4	0.7204007	0.18483462640565118	-0.0017499923706054688
244.6	0.7200507	0.1848255843666222	-0.0021247565746307373
244.8	0.7195508	0.18483856845908214	-0.0018747150897979736
245.0	0.7193008	0.1850743334741621	-0.0010000169277191162
245.2	0.7191508	0.18512367941710037	-0.0010001659393310547
245.4	0.71890074	0.1852506111524706	-0.0016251206398010254
245.6	0.71850073	0.1853854071585831	-0.0012500584125518799
245.8	0.7184007	0.18551668172937322	-8.749961853027344E-4
246.0	0.71815073	0.185548044248114	-0.0013749301433563232
246.2	0.71785074	0.18561755423119153	-0.001500248908996582
246.4	0.71755064	0.18582114178477765	-0.001500248908996582
246.6	0.71725065	0.18597025690752794	-0.0016248226165771484
246.8	0.7169007	0.18615689417664713	-0.0012500584125518799
247.0	0.7167506	0.18612344493198152	-8.752942085266113E-4
247.2	0.7165506	0.18607416999495588	-0.0012500584125518799
247.4	0.7162506	0.18610060848947094	-0.0013747811317443848
247.6	0.7160007	0.1860618157115831	-0.0013747811317443848
247.8	0.7157007	0.1860201844128777	-0.0012500584125518799
248.0	0.71550065	0.18611756772870422	-0.0015003979206085205
248.2	0.7151005	0.18621758587147946	-0.0017502903938293457
248.4	0.71480054	0.18618796700048765	-0.0012499094009399414
248.6	0.71460056	0.18613661472437498	-0.0011248886585235596
248.8	0.7143506	0.18639092484913022	-0.001624971628189087
249.0	0.7139506	0.18644810699587971	-0.0015000998973846436
249.2	0.71375054	0.18636908702185037	-0.0012503564357757568
249.4	0.71345043	0.1865652615958736	-0.0018753111362457275
249.6	0.7130004	0.18675116957925203	-0.0021249055862426758
249.8	0.71260047	0.1870327226209985	-0.0013749301433563232
250.0	0.71245044	0.1870761785129975	-0.0011248886585235596
250.2	0.7121505	0.18720276859438448	-9.998679161071777E-4
250.4	0.7120505	0.18720923203427547	-9.998679161071777E-4
250.6	0.71175057	0.1871481674304505	-0.0011248886585235596
250.8	0.71160054	0.18733776804034827	-7.50124454498291E-4
251.0	0.7114505	0.1874470500258943	-0.0012502074241638184
251.2	0.71110046	0.1875281028081424	-0.0012502074241638184
251.4	0.71095043	0.18758357222475552	-6.249547004699707E-4
251.6	0.7108505	0.187616035662412	-8.751451969146729E-4
251.8	0.7106004	0.18758368626482377	-0.0012502074241638184
252.0	0.7103504	0.18785733111786843	-0.001999884843826294
252.2	0.7098004	0.18793339005890627	-0.002374798059463501
252.4	0.7094005	0.18820637371487464	-0.0015000998973846436
252.6	0.7092004	0.18836230877944765	-0.0010001659393310547
252.8	0.7090004	0.18839851123774579	-0.0016248226165771484
253.0	0.70855045	0.18859850698120298	-0.00162467360496521
253.2	0.70835054	0.1888723824339155	-0.0010000169277191162
253.4	0.70815045	0.18889435259316995	-0.001500248908996582
253.6	0.70775044	0.18903025375554877	-0.0015000998973846436
253.8	0.7075504	0.1890515718961091	-0.0012500584125518799
254.0	0.7072504	0.18889133507477596	-0.001249760389328003
254.2	0.7070505	0.18887243435950074	-0.0012499094009399414
254.4	0.70675045	0.18889662904613205	-0.0017501413822174072
254.6	0.70635045	0.18880459973621488	-0.0022499263286590576
254.8	0.7058505	0.18890017702664538	-0.0017496943473815918
255.0	0.70565057	0.18893273107614122	-0.0017499923706054688
255.2	0.7051505	0.18909250880835066	-0.001875162124633789
255.4	0.7049005	0.18922470609906733	-0.0013749301433563232
255.6	0.7046005	0.18928507339869458	-0.001249760389328003
255.8	0.7044006	0.1895405999170154	-0.0011248886585235596
256.0	0.70415056	0.18963195121842008	-0.0012500584125518799
256.2	0.7039006	0.18986782098002833	-0.001125037670135498
256.4	0.70370054	0.18996396878090344	-0.0013750791549682617
256.6	0.70335054	0.1902269090971728	-0.0015000998973846436
256.8	0.7031005	0.19031654962385794	-0.0021252036094665527
257.0	0.70250046	0.19058790475496673	-0.0022499263286590576
257.2	0.70220053	0.19089305760258451	-0.0013750791549682617
257.4	0.70195043	0.19086303188341341	-0.0016251206398010254
257.6	0.7015505	0.19106307062001834	-0.0019997358322143555
257.8	0.70115054	0.1911705441867292	-0.0017498433589935303
258.0	0.70085055	0.19145959514486882	-0.0016251206398010254
258.2	0.7005005	0.19158483621436384	-0.0013752281665802002
258.4	0.70030046	0.19179392431047984	-0.0013747811317443848
258.6	0.6999506	0.19202212608747773	-0.001999586820602417
258.8	0.6995006	0.19222317519378443	-0.001624971628189087
259.0	0.6993006	0.19219653767225764	-0.001499950885772705
259.2	0.69890064	0.19232469700524985	-0.0017498433589935303
259.4	0.69860065	0.19243970327706073	-0.0012499094009399414
259.6	0.6984007	0.19250308843535618	-0.0017498433589935303
259.8	0.6979007	0.1928097222831369	-0.001999884843826294
260.0	0.6976007	0.1929876663990631	-0.0013749301433563232
260.2	0.69735074	0.1930426814680816	-0.0018748641014099121
260.4	0.6968508	0.19319051957604624	-0.0017499923706054688
260.6	0.69665074	0.1932777194365724	-8.751451969146729E-4
260.8	0.6965007	0.19328152766862017	-0.0010000169277191162
261.0	0.69625074	0.19347722461499703	-0.0012500584125518799
261.2	0.6960007	0.19365949332272092	-0.001624971628189087
261.4	0.69560075	0.1939475170568431	-0.0021249055862426758
261.6	0.69515073	0.19411073356296762	-0.0018750131130218506
261.8	0.69485074	0.19423175983289276	-0.0015000998973846436
262.0	0.6945507	0.1943007888673565	-0.0010000169277191162
262.2	0.69445074	0.1943880061316081	-6.248056888580322E-4
262.4	0.6943008	0.19446724509218827	-0.0013749301433563232
262.6	0.69390076	0.19484041932190194	-0.001624971628189087
262.8	0.6936508	0.19481318363913094	-9.998679161071777E-4
263.0	0.6935008	0.194840316712495	-0.0011248886585235596
263.2	0.6932008	0.19497117582612586	-0.001875162124633789
263.4	0.69275075	0.1952304703344896	-0.0018753111362457275
263.6	0.6924507	0.19529592044907043	-0.0018753111362457275
263.8	0.6920006	0.19551470377734423	-0.001875162124633789
264.0	0.69170064	0.19578332134939078	-0.0018750131130218506
264.2	0.6912506	0.19593605183149113	-0.0016251206398010254
264.4	0.6910506	0.19604182312623097	-0.0012500584125518799
264.6	0.6907506	0.1962318448336022	-9.998679161071777E-4
264.8	0.69065064	0.19626532147641618	-0.0012499094009399414
265.0	0.69025064	0.19630954359798947	-0.0016252696514129639
265.2	0.69000053	0.19636700180448566	-0.0015000998973846436
265.4	0.6896506	0.19682575135670907	-0.0014998018741607666
265.6	0.6894006	0.19681879708601108	-0.0013749301433563232
265.8	0.6891006	0.19685321791548688	-0.0016248226165771484
266.0	0.6887507	0.19697953288704712	-0.0017498433589935303
266.2	0.6884007	0.19716855438868722	-0.0012500584125518799
266.4	0.68825066	0.19712797074425678	-6.251037120819092E-4
266.6	0.68815064	0.19721074218831555	-5.000829696655273E-4
266.8	0.6880506	0.1972300606853214	-8.749961853027344E-4
267.0	0.68780065	0.19756305161767662	-0.0013749301433563232
267.2	0.68750066	0.19753163996365292	-0.001875162124633789
267.4	0.6870506	0.19781252965062338	-0.0021250545978546143
267.6	0.68665063	0.19795018792746508	-0.0014998018741607666
267.8	0.68645066	0.19825210284825442	-8.749961853027344E-4
268.0	0.68630064	0.19822287812397874	-0.0012499094009399414
268.2	0.6859507	0.1983559836611226	-0.0018747150897979736
268.4	0.68555075	0.1982894255704285	-0.002375096082687378
268.6	0.68500066	0.19835573962063227	-0.0026251375675201416
268.8	0.6845007	0.19850629580885656	-0.002250075340270996
269.0	0.6841006	0.19866350820094011	-0.0017501413822174072
269.2	0.68380064	0.1990416007091789	-0.0013749301433563232
269.4	0.68355066	0.19909017132468707	-0.001499950885772705
269.6	0.68320066	0.19931823507335703	-0.001499950885772705
269.8	0.6829507	0.19937852527353772	-0.0012502074241638184
270.0	0.6827006	0.19953874021805235	-0.0020000338554382324
270.2	0.68215066	0.19980960020953134	-0.0018748641014099121
270.4	0.6819506	0.1997791188956725	-0.001500248908996582
270.6	0.68155056	0.2001426899791298	-0.002375394105911255
270.8	0.6810005	0.20009747519231877	-0.0018750131130218506
271.0	0.68080056	0.20019080796628314	-0.0012499094009399414
271.2	0.6805005	0.200274186059737	-0.0013750791549682617
271.4	0.6802505	0.20035577631827664	-0.0013750791549682617
271.6	0.6799505	0.20036341258656257	-0.0015000998973846436
271.8	0.6796505	0.2004579167353229	-0.0012499094009399414
272.0	0.6794505	0.2007366361010694	-0.0010000169277191162
272.2	0.6792505	0.2008530235457512	-0.0013750791549682617
272.4	0.6789005	0.20095967152363423	-0.001624971628189087
272.6	0.6786005	0.201039893787388	-0.0010001659393310547
272.8	0.6785004	0.20116597525363877	-0.0010003149509429932
273.0	0.67820036	0.20144418482171597	-0.001500248908996582
273.2	0.6779003	0.2015231738531702	-0.0018748641014099121
273.4	0.6774504	0.20185142346298982	-0.0017498433589935303
273.6	0.6772004	0.20196573701928358	-0.0011251866817474365
273.8	0.67700034	0.20228939403968582	-0.001624971628189087
274.0	0.6765504	0.20233041581888528	-0.001999884843826294
274.2	0.6762004	0.2025180477312922	-0.0018747150897979736
274.4	0.6758005	0.20284072304208983	-0.0017496943473815918
274.6	0.6755005	0.20302647524302958	-0.0010001659393310547
274.8	0.67540044	0.2031374875505769	-7.499754428863525E-4
275.0	0.6752005	0.20333459826274028	-0.0012499094009399414
275.2	0.6749005	0.20360498232135107	-0.001875162124633789
275.4	0.67445046	0.20386195417054387	-0.001624971628189087
275.6	0.6742505	0.20387358128544442	-0.0010000169277191162
275.8	0.67405045	0.2038972710603657	-0.0012502074241638184
276.0	0.6737504	0.20395694923139115	-0.0017499923706054688
276.2	0.67335045	0.20408889521194368	-0.001624971628189087
276.4	0.6731004	0.20414795822301	-0.0013752281665802002
276.6	0.67280036	0.20424289178987415	-0.0012500584125518799
276.8	0.6726004	0.2043507760164868	-0.0011248886585235596
277.0	0.6723504	0.2043843857870023	-0.0015000998973846436
277.2	0.67200035	0.20446515319391972	-0.0012500584125518799
277.4	0.6718504	0.20453624706160922	-0.0016248226165771484
277.6	0.6713504	0.20450348747420025	-0.0018750131130218506
277.8	0.6711004	0.20462108813911337	-0.0013752281665802002
278.0	0.6708003	0.20477392341807488	-0.0020000338554382324
278.2	0.67030036	0.2051290075642276	-0.0023749470710754395
278.4	0.66985035	0.20538616610761082	-0.0020000338554382324
278.6	0.66950035	0.2053162188326096	-0.0012499094009399414
278.8	0.6693504	0.2053973641729956	-0.0011248886585235596
279.0	0.6690504	0.20554706601913805	-0.001499950885772705
279.2	0.6687504	0.20547733993382644	-0.002000182867050171
279.4	0.6682503	0.20555884122281748	-0.001500546932220459
279.6	0.6681502	0.20553120735071384	-0.0015000998973846436
279.8	0.6676503	0.20568416648882681	-0.0021247565746307373
280.0	0.6673003	0.20574428018318452	-0.0014998018741607666
280.2	0.66705036	0.2058441089896855	-0.0016245245933532715
280.4	0.6666505	0.20587684748072307	-0.001624971628189087
280.6	0.6664004	0.2061699270568633	-0.0012502074241638184
280.8	0.6661504	0.20623209330568323	-0.0013749301433563232
281.0	0.6658504	0.20648553735342542	-0.001624971628189087
281.2	0.6655004	0.2067359417851321	-0.001624971628189087
281.4	0.6652004	0.20683074901033036	-0.0013749301433563232
281.6	0.66495043	0.20679457495397702	-0.0012499094009399414
281.8	0.66470045	0.2068185405941631	-0.0012499094009399414
282.0	0.66445047	0.20708379032879426	-0.0010000169277191162
282.2	0.66430044	0.20713645159220861	-0.0011248886585235596
282.4	0.6640005	0.20731377091568662	-0.0016248226165771484
282.6	0.6636505	0.20746367664039086	-0.0021252036094665527
282.8	0.6631504	0.20741161274439646	-0.002000182867050171
283.0	0.66285044	0.20745451609790846	-0.001499950885772705
283.2	0.66255045	0.20762947068671014	-0.002249777317047119
283.4	0.6619505	0.20770097801854287	-0.002499818801879883
283.6	0.6615505	0.20790405752326976	-0.0020000338554382324
283.8	0.6611505	0.2080821383397665	-0.002000182867050171
284.0	0.66075045	0.20801907671010758	-0.0016252696514129639
284.2	0.6605004	0.20818201081007293	-0.0017498433589935303
284.4	0.6600505	0.20842623908448968	-0.0017496943473815918
284.6	0.6598005	0.2086359499946091	-0.0012500584125518799
284.8	0.6595505	0.20864154976763336	-0.001125037670135498
285.0	0.6593505	0.20871051035947266	-7.499754428863525E-4
285.2	0.6592505	0.20863110297558074	-4.999339580535889E-4
285.4	0.65915054	0.20862352761544334	-0.0011248886585235596
285.6	0.65880054	0.2088362008595306	-0.0018750131130218506
285.8	0.65840054	0.20890054959330884	-0.0021250545978546143
286.0	0.6579505	0.20893610773849955	-0.002000182867050171
286.2	0.65760046	0.20895511196371566	-0.0015000998973846436
286.4	0.6573505	0.20920916889425256	-0.0012500584125518799
286.6	0.65710044	0.20934323387105158	-0.001499950885772705
286.8	0.6567505	0.20976638517468482	-0.0017499923706054688
287.0	0.65640044	0.20984289243047746	-0.0022502243518829346
287.2	0.6558504	0.2100435122050753	-0.0020000338554382324
287.4	0.6556004	0.21028228537341678	-0.0018750131130218506
287.6	0.6551004	0.2106988106392906	-0.0020000338554382324
287.8	0.6548004	0.21064652741424797	-0.0018750131130218506
288.0	0.6543504	0.21100610655868574	-0.0013749301433563232
288.2	0.65425044	0.21099629453988802	-0.0011248886585235596
288.4	0.65390044	0.21108005310470554	-0.0021249055862426758
288.6	0.6534005	0.21140822792010863	-0.0021249055862426758
288.8	0.6530505	0.21158496245317918	-0.0024999678134918213
289.0	0.6524005	0.2118708086670857	-0.002250075340270996
289.2	0.65215045	0.21185579138453825	-0.0017501413822174072
289.4	0.65170044	0.21198374672975254	-0.0023749470710754395
289.6	0.6512005	0.21217577351135467	-0.002249777317047119
289.8	0.6508005	0.21222478374830156	-0.0017499923706054688
290.0	0.6505005	0.21231992094817492	-0.0016251206398010254
290.2	0.6501505	0.2124675888864156	-0.001624971628189087
290.4	0.6498505	0.21253817696045285	-0.0016251206398010254
290.6	0.6495004	0.21254352297689819	-0.0016251206398010254
290.8	0.64920044	0.21273071982669653	-0.0021249055862426758
291.0	0.64865047	0.2129921986735626	-0.0021249055862426758
291.2	0.6483505	0.21309569847202872	-0.0022499263286590576
291.4	0.6477505	0.21333644017146167	-0.0027498602867126465
291.6	0.64725053	0.21350629198901241	-0.0021247565746307373
291.8	0.6469006	0.21365951700841326	-0.00162467360496521
292.0	0.64660066	0.21378362705100185	-0.0014998018741607666
292.2	0.6463007	0.21407080408004892	-0.0018748641014099121
292.4	0.6458507	0.21413845211847363	-0.002624988555908203
292.6	0.6452507	0.21439434854193898	-0.0033749639987945557
292.8	0.64450073	0.2145454478081308	-0.003124922513961792
293.0	0.6440007	0.2148231811934599	-0.0022499263286590576
293.2	0.64360076	0.21490472114686804	-0.0021250545978546143
293.4	0.6431507	0.21497808420623557	-0.0023755431175231934
293.6	0.64265054	0.21529857568394292	-0.0025001168251037598
293.8	0.64215064	0.21537380688818242	-0.0022499263286590576
294.0	0.6417506	0.21540528476940832	-0.0017501413822174072
294.2	0.6414506	0.2156487809049664	-0.001624971628189087
294.4	0.6411006	0.21567519374702168	-0.0013749301433563232
294.6	0.6409006	0.21575956340945657	-0.0016251206398010254
294.8	0.64045054	0.21587333486947363	-0.0024999678134918213
295.0	0.6399006	0.21624751834785125	-0.00287473201751709
295.2	0.63930064	0.21650752692076736	-0.0018750131130218506
295.4	0.6391506	0.2166097336457742	-7.499754428863525E-4
295.6	0.63900065	0.216550223345101	-7.498264312744141E-4
295.8	0.6388507	0.2165944983971557	-9.998679161071777E-4
296.0	0.6386007	0.21649489422114102	-0.002250075340270996
296.2	0.63795066	0.21681166185384831	-0.002750009298324585
296.4	0.6375007	0.21713762735616013	-0.0019997358322143555
296.6	0.63715076	0.21719202731246368	-0.002249777317047119
296.8	0.6366008	0.2172105873276182	-0.001999884843826294
297.0	0.6363508	0.21715473001637328	-0.0013750791549682617
297.2	0.63605076	0.21731980296864242	-0.001125037670135498
297.4	0.6359008	0.2173963874318409	-0.0016248226165771484
297.6	0.63540083	0.21742088057648978	-0.001875162124633789
297.8	0.63515073	0.2174786812674478	-0.001125037670135498
298.0	0.6349508	0.21755688178940238	-7.496774196624756E-4
298.2	0.63485086	0.21767631204686205	-0.001499950885772705
298.4	0.63435084	0.21807699746893133	-0.002250075340270996
298.6	0.6339508	0.2180479232795807	-0.0021250545978546143
298.8	0.6335008	0.21807739317500255	-0.0015000998973846436
299.0	0.6333508	0.21823216283545374	-0.0010000169277191162
299.2	0.6331008	0.2183217565672554	-7.499754428863525E-4
299.4	0.6330508	0.2182892505062942	-6.251037120819092E-4
299.6	0.63285077	0.2183423387569633	-0.001125037670135498
299.8	0.6326008	0.21853429787474013	0.0
